  0.00000000E+00 -0.34030524E+01
  0.10020991E-01 -0.34047105E+01
  0.20041982E-01 -0.34096642E+01
  0.30062973E-01 -0.34178524E+01
  0.40083964E-01 -0.34291768E+01
  0.50104955E-01 -0.34435062E+01
  0.60125946E-01 -0.34606820E+01
  0.70146937E-01 -0.34805249E+01
  0.80167928E-01 -0.35028409E+01
  0.90188919E-01 -0.35274276E+01
  0.10020991E+00 -0.35540796E+01
  0.11023090E+00 -0.35825931E+01
  0.12025189E+00 -0.36127695E+01
  0.13027288E+00 -0.36444183E+01
  0.14029387E+00 -0.36773592E+01
  0.15031486E+00 -0.37114232E+01
  0.16033586E+00 -0.37464531E+01
  0.17035685E+00 -0.37823042E+01
  0.18037784E+00 -0.38188437E+01
  0.19039883E+00 -0.38559504E+01
  0.20041982E+00 -0.38935144E+01
  0.21044081E+00 -0.39314360E+01
  0.22046180E+00 -0.39696252E+01
  0.23048279E+00 -0.40080010E+01
  0.24050378E+00 -0.40464904E+01
  0.25052477E+00 -0.40850277E+01
  0.26054577E+00 -0.41235543E+01
  0.27056676E+00 -0.41620171E+01
  0.28058775E+00 -0.42003690E+01
  0.29060874E+00 -0.42385673E+01
  0.30062973E+00 -0.42765740E+01
  0.31065072E+00 -0.43143550E+01
  0.32067171E+00 -0.43518794E+01
  0.33069270E+00 -0.43891198E+01
  0.34071369E+00 -0.44260513E+01
  0.35073468E+00 -0.44626516E+01
  0.36075567E+00 -0.44989007E+01
  0.37077667E+00 -0.45347802E+01
  0.38079766E+00 -0.45702739E+01
  0.39081865E+00 -0.46053668E+01
  0.40083964E+00 -0.46400454E+01
  0.41086063E+00 -0.46742973E+01
  0.42088162E+00 -0.47081113E+01
  0.43090261E+00 -0.47414772E+01
  0.44092360E+00 -0.47743853E+01
  0.45094459E+00 -0.48068271E+01
  0.46096558E+00 -0.48387943E+01
  0.47098658E+00 -0.48702795E+01
  0.48100757E+00 -0.49012757E+01
  0.49102856E+00 -0.49317762E+01
  0.50104955E+00 -0.49617750E+01
  0.51107054E+00 -0.49912662E+01
  0.52109153E+00 -0.50202443E+01
  0.53111252E+00 -0.50487039E+01
  0.54113351E+00 -0.50766402E+01
  0.55115450E+00 -0.51040481E+01
  0.56117549E+00 -0.51309232E+01
  0.57119649E+00 -0.51572609E+01
  0.58121748E+00 -0.51830570E+01
  0.59123847E+00 -0.52083071E+01
  0.60125946E+00 -0.52330072E+01
  0.61128045E+00 -0.52571534E+01
  0.62130144E+00 -0.52807417E+01
  0.63132243E+00 -0.53037685E+01
  0.64134342E+00 -0.53262298E+01
  0.65136441E+00 -0.53481222E+01
  0.66138540E+00 -0.53694421E+01
  0.67140639E+00 -0.53901859E+01
  0.68142739E+00 -0.54103504E+01
  0.69144838E+00 -0.54299321E+01
  0.70146937E+00 -0.54489278E+01
  0.71149036E+00 -0.54673342E+01
  0.72151135E+00 -0.54851483E+01
  0.73153234E+00 -0.55023670E+01
  0.74155333E+00 -0.55189873E+01
  0.75157432E+00 -0.55350064E+01
  0.76159531E+00 -0.55504213E+01
  0.77161630E+00 -0.55652295E+01
  0.78163730E+00 -0.55794281E+01
  0.79165829E+00 -0.55930146E+01
  0.80167928E+00 -0.56059866E+01
  0.81170027E+00 -0.56183416E+01
  0.82172126E+00 -0.56300774E+01
  0.83174225E+00 -0.56411918E+01
  0.84176324E+00 -0.56516826E+01
  0.85178423E+00 -0.56615479E+01
  0.86180522E+00 -0.56707858E+01
  0.87182621E+00 -0.56793946E+01
  0.88184721E+00 -0.56873724E+01
  0.89186820E+00 -0.56947179E+01
  0.90188919E+00 -0.57014295E+01
  0.91191018E+00 -0.57075059E+01
  0.92193117E+00 -0.57129460E+01
  0.93195216E+00 -0.57177486E+01
  0.94197315E+00 -0.57219128E+01
  0.95199414E+00 -0.57254378E+01
  0.96201513E+00 -0.57283228E+01
  0.97203612E+00 -0.57305674E+01
  0.98205712E+00 -0.57321709E+01
  0.99207811E+00 -0.57331332E+01
  0.10020991E+01 -0.57334540E+01
  0.10121610E+01 -0.57331305E+01
  0.10222230E+01 -0.57321602E+01
  0.10322849E+01 -0.57305429E+01
  0.10423469E+01 -0.57282781E+01
  0.10524089E+01 -0.57253655E+01
  0.10624708E+01 -0.57218045E+01
  0.10725328E+01 -0.57175945E+01
  0.10825947E+01 -0.57127346E+01
  0.10926567E+01 -0.57072240E+01
  0.11027186E+01 -0.57010617E+01
  0.11127806E+01 -0.56942465E+01
  0.11228425E+01 -0.56867774E+01
  0.11329045E+01 -0.56786529E+01
  0.11429664E+01 -0.56698719E+01
  0.11530284E+01 -0.56604328E+01
  0.11630903E+01 -0.56503341E+01
  0.11731523E+01 -0.56395745E+01
  0.11832142E+01 -0.56281522E+01
  0.11932762E+01 -0.56160656E+01
  0.12033381E+01 -0.56033133E+01
  0.12134001E+01 -0.55898934E+01
  0.12234620E+01 -0.55758044E+01
  0.12335240E+01 -0.55610447E+01
  0.12435859E+01 -0.55456127E+01
  0.12536479E+01 -0.55295067E+01
  0.12637098E+01 -0.55127252E+01
  0.12737718E+01 -0.54952668E+01
  0.12838337E+01 -0.54771301E+01
  0.12938957E+01 -0.54583138E+01
  0.13039576E+01 -0.54388165E+01
  0.13140196E+01 -0.54186373E+01
  0.13240815E+01 -0.53977750E+01
  0.13341435E+01 -0.53762289E+01
  0.13442054E+01 -0.53539980E+01
  0.13542674E+01 -0.53310819E+01
  0.13643293E+01 -0.53074801E+01
  0.13743913E+01 -0.52831924E+01
  0.13844532E+01 -0.52582185E+01
  0.13945152E+01 -0.52325587E+01
  0.14045771E+01 -0.52062132E+01
  0.14146391E+01 -0.51791825E+01
  0.14247010E+01 -0.51514673E+01
  0.14347630E+01 -0.51230687E+01
  0.14448249E+01 -0.50939876E+01
  0.14548869E+01 -0.50642256E+01
  0.14649488E+01 -0.50337843E+01
  0.14750108E+01 -0.50026656E+01
  0.14850727E+01 -0.49708716E+01
  0.14951347E+01 -0.49384047E+01
  0.15051966E+01 -0.49052676E+01
  0.15152586E+01 -0.48714633E+01
  0.15253205E+01 -0.48369948E+01
  0.15353825E+01 -0.48018657E+01
  0.15454445E+01 -0.47660797E+01
  0.15555064E+01 -0.47296407E+01
  0.15655684E+01 -0.46925531E+01
  0.15756303E+01 -0.46548212E+01
  0.15856923E+01 -0.46164499E+01
  0.15957542E+01 -0.45774442E+01
  0.16058162E+01 -0.45378094E+01
  0.16158781E+01 -0.44975509E+01
  0.16259401E+01 -0.44566745E+01
  0.16360020E+01 -0.44151862E+01
  0.16460640E+01 -0.43730922E+01
  0.16561259E+01 -0.43303989E+01
  0.16661879E+01 -0.42871129E+01
  0.16762498E+01 -0.42432410E+01
  0.16863118E+01 -0.41987903E+01
  0.16963737E+01 -0.41537678E+01
  0.17064357E+01 -0.41081809E+01
  0.17164976E+01 -0.40620371E+01
  0.17265596E+01 -0.40153440E+01
  0.17366215E+01 -0.39681092E+01
  0.17466835E+01 -0.39203407E+01
  0.17567454E+01 -0.38720462E+01
  0.17668074E+01 -0.38232337E+01
  0.17768693E+01 -0.37739113E+01
  0.17869313E+01 -0.37240869E+01
  0.17969932E+01 -0.36737687E+01
  0.18070552E+01 -0.36229647E+01
  0.18171171E+01 -0.35716829E+01
  0.18271791E+01 -0.35199313E+01
  0.18372410E+01 -0.34677178E+01
  0.18473030E+01 -0.34150502E+01
  0.18573649E+01 -0.33619363E+01
  0.18674269E+01 -0.33083836E+01
  0.18774888E+01 -0.32543996E+01
  0.18875508E+01 -0.31999916E+01
  0.18976127E+01 -0.31451667E+01
  0.19076747E+01 -0.30899318E+01
  0.19177366E+01 -0.30342936E+01
  0.19277986E+01 -0.29782584E+01
  0.19378605E+01 -0.29218324E+01
  0.19479225E+01 -0.28650215E+01
  0.19579844E+01 -0.28078314E+01
  0.19680464E+01 -0.27502671E+01
  0.19781083E+01 -0.26923336E+01
  0.19881703E+01 -0.26340355E+01
  0.19982322E+01 -0.25753770E+01
  0.20082942E+01 -0.25163619E+01
  0.20183561E+01 -0.24569936E+01
  0.20284181E+01 -0.23972751E+01
  0.20384801E+01 -0.23372090E+01
  0.20485420E+01 -0.22767974E+01
  0.20586040E+01 -0.22160422E+01
  0.20686659E+01 -0.21549445E+01
  0.20787279E+01 -0.20935053E+01
  0.20887898E+01 -0.20317249E+01
  0.20988518E+01 -0.19696034E+01
  0.21089137E+01 -0.19071401E+01
  0.21189757E+01 -0.18443343E+01
  0.21290376E+01 -0.17811844E+01
  0.21390996E+01 -0.17176888E+01
  0.21491615E+01 -0.16538452E+01
  0.21592235E+01 -0.15896510E+01
  
  0.00000000E+00 -0.73981281E+00
  0.10020991E-01 -0.73710077E+00
  0.20041982E-01 -0.72898633E+00
  0.30062973E-01 -0.71553346E+00
  0.40083964E-01 -0.69684555E+00
  0.50104955E-01 -0.67306086E+00
  0.60125946E-01 -0.64434681E+00
  0.70146937E-01 -0.61089377E+00
  0.80167928E-01 -0.57290860E+00
  0.90188919E-01 -0.53060856E+00
  0.10020991E+00 -0.48421590E+00
  0.11023090E+00 -0.43395320E+00
  0.12025189E+00 -0.38003964E+00
  0.13027288E+00 -0.32268821E+00
  0.14029387E+00 -0.26210368E+00
  0.15031486E+00 -0.19848134E+00
  0.16033586E+00 -0.13200625E+00
  0.17035685E+00 -0.62853068E-01
  0.18037784E+00  0.88138709E-02
  0.19039883E+00  0.82840171E-01
  0.20041982E+00  0.15908084E+00
  0.21044081E+00  0.23739963E+00
  0.22046180E+00  0.31766835E+00
  0.23048279E+00  0.39976613E+00
  0.24050378E+00  0.48357872E+00
  0.25052477E+00  0.56899780E+00
  0.26054577E+00  0.65592033E+00
  0.27056676E+00  0.74424793E+00
  0.28058775E+00  0.83388639E+00
  0.29060874E+00  0.92474509E+00
  0.30062973E+00  0.10167366E+01
  0.31065072E+00  0.11097763E+01
  0.32067171E+00  0.12037820E+01
  0.33069270E+00  0.12986735E+01
  0.34071369E+00  0.13943726E+01
  0.35073468E+00  0.14908026E+01
  0.36075567E+00  0.15878883E+01
  0.37077667E+00  0.16855556E+01
  0.38079766E+00  0.17837316E+01
  0.39081865E+00  0.18823443E+01
  0.40083964E+00  0.19813228E+01
  0.41086063E+00  0.20805965E+01
  0.42088162E+00  0.21800962E+01
  0.43090261E+00  0.22797529E+01
  0.44092360E+00  0.23794985E+01
  0.45094459E+00  0.24792656E+01
  0.46096558E+00  0.25789874E+01
  0.47098658E+00  0.26785978E+01
  0.48100757E+00  0.27780313E+01
  0.49102856E+00  0.28772234E+01
  0.50104955E+00  0.29761102E+01
  0.51107054E+00  0.30746284E+01
  0.52109153E+00  0.31727157E+01
  0.53111252E+00  0.32703108E+01
  0.54113351E+00  0.33673531E+01
  0.55115450E+00  0.34637829E+01
  0.56117549E+00  0.35595416E+01
  0.57119649E+00  0.36545716E+01
  0.58121748E+00  0.37488161E+01
  0.59123847E+00  0.38422195E+01
  0.60125946E+00  0.39347272E+01
  0.61128045E+00  0.40262856E+01
  0.62130144E+00  0.41168421E+01
  0.63132243E+00  0.42063449E+01
  0.64134342E+00  0.42947434E+01
  0.65136441E+00  0.43819875E+01
  0.66138540E+00  0.44680281E+01
  0.67140639E+00  0.45528162E+01
  0.68142739E+00  0.46363038E+01
  0.69144838E+00  0.47184427E+01
  0.70146937E+00  0.47991850E+01
  0.71149036E+00  0.48784822E+01
  0.72151135E+00  0.49562856E+01
  0.73153234E+00  0.50325453E+01
  0.74155333E+00  0.51072105E+01
  0.75157432E+00  0.51802283E+01
  0.76159531E+00  0.52515438E+01
  0.77161630E+00  0.53210995E+01
  0.78163730E+00  0.53888345E+01
  0.79165829E+00  0.54546841E+01
  0.80167928E+00  0.55185792E+01
  0.81170027E+00  0.55804455E+01
  0.82172126E+00  0.56402032E+01
  0.83174225E+00  0.56977659E+01
  0.84176324E+00  0.57530405E+01
  0.85178423E+00  0.58059266E+01
  0.86180522E+00  0.58563163E+01
  0.87182621E+00  0.59040938E+01
  0.88184721E+00  0.59491358E+01
  0.89186820E+00  0.59913124E+01
  0.90188919E+00  0.60304875E+01
  0.91191018E+00  0.60665203E+01
  0.92193117E+00  0.60992678E+01
  0.93195216E+00  0.61285871E+01
  0.94197315E+00  0.61543383E+01
  0.95199414E+00  0.61763886E+01
  0.96201513E+00  0.61946158E+01
  0.97203612E+00  0.62089129E+01
  0.98205712E+00  0.62191917E+01
  0.99207811E+00  0.62253861E+01
  0.10020991E+01  0.62274555E+01
  0.10121610E+01  0.62259765E+01
  0.10222230E+01  0.62215421E+01
  0.10322849E+01  0.62141609E+01
  0.10423469E+01  0.62038469E+01
  0.10524089E+01  0.61906197E+01
  0.10624708E+01  0.61745042E+01
  0.10725328E+01  0.61555301E+01
  0.10825947E+01  0.61337320E+01
  0.10926567E+01  0.61091493E+01
  0.11027186E+01  0.60818251E+01
  0.11127806E+01  0.60518068E+01
  0.11228425E+01  0.60191450E+01
  0.11329045E+01  0.59838939E+01
  0.11429664E+01  0.59461101E+01
  0.11530284E+01  0.59058529E+01
  0.11630903E+01  0.58631839E+01
  0.11731523E+01  0.58181664E+01
  0.11832142E+01  0.57708653E+01
  0.11932762E+01  0.57213469E+01
  0.12033381E+01  0.56696785E+01
  0.12134001E+01  0.56159281E+01
  0.12234620E+01  0.55601644E+01
  0.12335240E+01  0.55024565E+01
  0.12435859E+01  0.54428736E+01
  0.12536479E+01  0.53814849E+01
  0.12637098E+01  0.53183598E+01
  0.12737718E+01  0.52535671E+01
  0.12838337E+01  0.51871756E+01
  0.12938957E+01  0.51192534E+01
  0.13039576E+01  0.50498681E+01
  0.13140196E+01  0.49790869E+01
  0.13240815E+01  0.49069761E+01
  0.13341435E+01  0.48336013E+01
  0.13442054E+01  0.47590273E+01
  0.13542674E+01  0.46833181E+01
  0.13643293E+01  0.46065368E+01
  0.13743913E+01  0.45287454E+01
  0.13844532E+01  0.44500050E+01
  0.13945152E+01  0.43703759E+01
  0.14045771E+01  0.42899169E+01
  0.14146391E+01  0.42086862E+01
  0.14247010E+01  0.41267405E+01
  0.14347630E+01  0.40441356E+01
  0.14448249E+01  0.39609261E+01
  0.14548869E+01  0.38771652E+01
  0.14649488E+01  0.37929051E+01
  0.14750108E+01  0.37081967E+01
  0.14850727E+01  0.36230897E+01
  0.14951347E+01  0.35376323E+01
  0.15051966E+01  0.34518717E+01
  0.15152586E+01  0.33658535E+01
  0.15253205E+01  0.32796222E+01
  0.15353825E+01  0.31932207E+01
  0.15454445E+01  0.31066908E+01
  0.15555064E+01  0.30200727E+01
  0.15655684E+01  0.29334052E+01
  0.15756303E+01  0.28467259E+01
  0.15856923E+01  0.27600709E+01
  0.15957542E+01  0.26734746E+01
  0.16058162E+01  0.25869704E+01
  0.16158781E+01  0.25005900E+01
  0.16259401E+01  0.24143638E+01
  0.16360020E+01  0.23283206E+01
  0.16460640E+01  0.22424880E+01
  0.16561259E+01  0.21568920E+01
  0.16661879E+01  0.20715572E+01
  0.16762498E+01  0.19865069E+01
  0.16863118E+01  0.19017628E+01
  0.16963737E+01  0.18173455E+01
  0.17064357E+01  0.17332740E+01
  0.17164976E+01  0.16495660E+01
  0.17265596E+01  0.15662379E+01
  0.17366215E+01  0.14833048E+01
  0.17466835E+01  0.14007805E+01
  0.17567454E+01  0.13186775E+01
  0.17668074E+01  0.12370072E+01
  0.17768693E+01  0.11557796E+01
  0.17869313E+01  0.10750037E+01
  0.17969932E+01  0.99468735E+00
  0.18070552E+01  0.91483722E+00
  0.18171171E+01  0.83545899E+00
  0.18271791E+01  0.75655730E+00
  0.18372410E+01  0.67813582E+00
  0.18473030E+01  0.60019727E+00
  0.18573649E+01  0.52274351E+00
  0.18674269E+01  0.44577553E+00
  0.18774888E+01  0.36929352E+00
  0.18875508E+01  0.29329693E+00
  0.18976127E+01  0.21778449E+00
  0.19076747E+01  0.14275428E+00
  0.19177366E+01  0.68203776E-01
  0.19277986E+01 -0.58701146E-02
  0.19378605E+01 -0.79470992E-01
  0.19479225E+01 -0.15260292E+00
  0.19579844E+01 -0.22527037E+00
  0.19680464E+01 -0.29747818E+00
  0.19781083E+01 -0.36923151E+00
  0.19881703E+01 -0.44053578E+00
  0.19982322E+01 -0.51139663E+00
  0.20082942E+01 -0.58181988E+00
  0.20183561E+01 -0.65181147E+00
  0.20284181E+01 -0.72137742E+00
  0.20384801E+01 -0.79052382E+00
  0.20485420E+01 -0.85925673E+00
  0.20586040E+01 -0.92758218E+00
  0.20686659E+01 -0.99550612E+00
  0.20787279E+01 -0.10630344E+01
  0.20887898E+01 -0.11301726E+01
  0.20988518E+01 -0.11969264E+01
  0.21089137E+01 -0.12633009E+01
  0.21189757E+01 -0.13293012E+01
  0.21290376E+01 -0.13949321E+01
  0.21390996E+01 -0.14601980E+01
  0.21491615E+01 -0.15251030E+01
  0.21592235E+01 -0.15896508E+01
  
  0.00000000E+00  0.50362709E+01
  0.10020991E-01  0.50363961E+01
  0.20041982E-01  0.50367718E+01
  0.30062973E-01  0.50373989E+01
  0.40083964E-01  0.50382784E+01
  0.50104955E-01  0.50394120E+01
  0.60125946E-01  0.50408018E+01
  0.70146937E-01  0.50424502E+01
  0.80167928E-01  0.50443603E+01
  0.90188919E-01  0.50465353E+01
  0.10020991E+00  0.50489791E+01
  0.11023090E+00  0.50516956E+01
  0.12025189E+00  0.50546895E+01
  0.13027288E+00  0.50579653E+01
  0.14029387E+00  0.50615283E+01
  0.15031486E+00  0.50653837E+01
  0.16033586E+00  0.50695371E+01
  0.17035685E+00  0.50739943E+01
  0.18037784E+00  0.50787612E+01
  0.19039883E+00  0.50838439E+01
  0.20041982E+00  0.50892486E+01
  0.21044081E+00  0.50949816E+01
  0.22046180E+00  0.51010490E+01
  0.23048279E+00  0.51074573E+01
  0.24050378E+00  0.51142127E+01
  0.25052477E+00  0.51213212E+01
  0.26054577E+00  0.51287890E+01
  0.27056676E+00  0.51366219E+01
  0.28058775E+00  0.51448255E+01
  0.29060874E+00  0.51534054E+01
  0.30062973E+00  0.51623667E+01
  0.31065072E+00  0.51717142E+01
  0.32067171E+00  0.51814524E+01
  0.33069270E+00  0.51915855E+01
  0.34071369E+00  0.52021171E+01
  0.35073468E+00  0.52130505E+01
  0.36075567E+00  0.52243883E+01
  0.37077667E+00  0.52361328E+01
  0.38079766E+00  0.52482856E+01
  0.39081865E+00  0.52608477E+01
  0.40083964E+00  0.52738194E+01
  0.41086063E+00  0.52872005E+01
  0.42088162E+00  0.53009899E+01
  0.43090261E+00  0.53151859E+01
  0.44092360E+00  0.53297860E+01
  0.45094459E+00  0.53447868E+01
  0.46096558E+00  0.53601841E+01
  0.47098658E+00  0.53759730E+01
  0.48100757E+00  0.53921475E+01
  0.49102856E+00  0.54087007E+01
  0.50104955E+00  0.54256249E+01
  0.51107054E+00  0.54429111E+01
  0.52109153E+00  0.54605496E+01
  0.53111252E+00  0.54785295E+01
  0.54113351E+00  0.54968388E+01
  0.55115450E+00  0.55154645E+01
  0.56117549E+00  0.55343924E+01
  0.57119649E+00  0.55536070E+01
  0.58121748E+00  0.55730918E+01
  0.59123847E+00  0.55928291E+01
  0.60125946E+00  0.56127997E+01
  0.61128045E+00  0.56329834E+01
  0.62130144E+00  0.56533584E+01
  0.63132243E+00  0.56739018E+01
  0.64134342E+00  0.56945893E+01
  0.65136441E+00  0.57153951E+01
  0.66138540E+00  0.57362921E+01
  0.67140639E+00  0.57572518E+01
  0.68142739E+00  0.57782440E+01
  0.69144838E+00  0.57992373E+01
  0.70146937E+00  0.58201988E+01
  0.71149036E+00  0.58410941E+01
  0.72151135E+00  0.58618873E+01
  0.73153234E+00  0.58825410E+01
  0.74155333E+00  0.59030164E+01
  0.75157432E+00  0.59232735E+01
  0.76159531E+00  0.59432706E+01
  0.77161630E+00  0.59629649E+01
  0.78163730E+00  0.59823123E+01
  0.79165829E+00  0.60012677E+01
  0.80167928E+00  0.60197849E+01
  0.81170027E+00  0.60378168E+01
  0.82172126E+00  0.60553156E+01
  0.83174225E+00  0.60722331E+01
  0.84176324E+00  0.60885206E+01
  0.85178423E+00  0.61041296E+01
  0.86180522E+00  0.61190116E+01
  0.87182621E+00  0.61331187E+01
  0.88184721E+00  0.61464040E+01
  0.89186820E+00  0.61588216E+01
  0.90188919E+00  0.61703274E+01
  0.91191018E+00  0.61808793E+01
  0.92193117E+00  0.61904374E+01
  0.93195216E+00  0.61989647E+01
  0.94197315E+00  0.62064276E+01
  0.95199414E+00  0.62127958E+01
  0.96201513E+00  0.62180432E+01
  0.97203612E+00  0.62221478E+01
  0.98205712E+00  0.62250922E+01
  0.99207811E+00  0.62268640E+01
  0.10020991E+01  0.62274555E+01
  0.10121610E+01  0.62265552E+01
  0.10222230E+01  0.62238589E+01
  0.10322849E+01  0.62193793E+01
  0.10423469E+01  0.62131376E+01
  0.10524089E+01  0.62051626E+01
  0.10624708E+01  0.61954901E+01
  0.10725328E+01  0.61841620E+01
  0.10825947E+01  0.61712255E+01
  0.10926567E+01  0.61567321E+01
  0.11027186E+01  0.61407366E+01
  0.11127806E+01  0.61232961E+01
  0.11228425E+01  0.61044695E+01
  0.11329045E+01  0.60843162E+01
  0.11429664E+01  0.60628959E+01
  0.11530284E+01  0.60402676E+01
  0.11630903E+01  0.60164897E+01
  0.11731523E+01  0.59916192E+01
  0.11832142E+01  0.59657113E+01
  0.11932762E+01  0.59388199E+01
  0.12033381E+01  0.59109968E+01
  0.12134001E+01  0.58822919E+01
  0.12234620E+01  0.58527534E+01
  0.12335240E+01  0.58224276E+01
  0.12435859E+01  0.57913589E+01
  0.12536479E+01  0.57595901E+01
  0.12637098E+01  0.57271625E+01
  0.12737718E+01  0.56941158E+01
  0.12838337E+01  0.56604886E+01
  0.12938957E+01  0.56263179E+01
  0.13039576E+01  0.55916399E+01
  0.13140196E+01  0.55564896E+01
  0.13240815E+01  0.55209013E+01
  0.13341435E+01  0.54849082E+01
  0.13442054E+01  0.54485431E+01
  0.13542674E+01  0.54118378E+01
  0.13643293E+01  0.53748238E+01
  0.13743913E+01  0.53375319E+01
  0.13844532E+01  0.52999925E+01
  0.13945152E+01  0.52622355E+01
  0.14045771E+01  0.52242905E+01
  0.14146391E+01  0.51861864E+01
  0.14247010E+01  0.51479522E+01
  0.14347630E+01  0.51096163E+01
  0.14448249E+01  0.50712066E+01
  0.14548869E+01  0.50327511E+01
  0.14649488E+01  0.49942771E+01
  0.14750108E+01  0.49558116E+01
  0.14850727E+01  0.49173814E+01
  0.14951347E+01  0.48790130E+01
  0.15051966E+01  0.48407322E+01
  0.15152586E+01  0.48025649E+01
  0.15253205E+01  0.47645361E+01
  0.15353825E+01  0.47266709E+01
  0.15454445E+01  0.46889936E+01
  0.15555064E+01  0.46515283E+01
  0.15655684E+01  0.46142984E+01
  0.15756303E+01  0.45773272E+01
  0.15856923E+01  0.45406371E+01
  0.15957542E+01  0.45042504E+01
  0.16058162E+01  0.44681887E+01
  0.16158781E+01  0.44324729E+01
  0.16259401E+01  0.43971238E+01
  0.16360020E+01  0.43621612E+01
  0.16460640E+01  0.43276047E+01
  0.16561259E+01  0.42934731E+01
  0.16661879E+01  0.42597846E+01
  0.16762498E+01  0.42265571E+01
  0.16863118E+01  0.41938077E+01
  0.16963737E+01  0.41615528E+01
  0.17064357E+01  0.41298085E+01
  0.17164976E+01  0.40985901E+01
  0.17265596E+01  0.40679123E+01
  0.17366215E+01  0.40377894E+01
  0.17466835E+01  0.40082348E+01
  0.17567454E+01  0.39792616E+01
  0.17668074E+01  0.39508821E+01
  0.17768693E+01  0.39231082E+01
  0.17869313E+01  0.38959510E+01
  0.17969932E+01  0.38694215E+01
  0.18070552E+01  0.38435295E+01
  0.18171171E+01  0.38182848E+01
  0.18271791E+01  0.37936965E+01
  0.18372410E+01  0.37697730E+01
  0.18473030E+01  0.37465225E+01
  0.18573649E+01  0.37239526E+01
  0.18674269E+01  0.37020702E+01
  0.18774888E+01  0.36808822E+01
  0.18875508E+01  0.36603946E+01
  0.18976127E+01  0.36406133E+01
  0.19076747E+01  0.36215437E+01
  0.19177366E+01  0.36031906E+01
  0.19277986E+01  0.35855589E+01
  0.19378605E+01  0.35686527E+01
  0.19479225E+01  0.35524758E+01
  0.19579844E+01  0.35370321E+01
  0.19680464E+01  0.35223247E+01
  0.19781083E+01  0.35083566E+01
  0.19881703E+01  0.34951307E+01
  0.19982322E+01  0.34826493E+01
  0.20082942E+01  0.34709148E+01
  0.20183561E+01  0.34599292E+01
  0.20284181E+01  0.34496944E+01
  0.20384801E+01  0.34402119E+01
  0.20485420E+01  0.34314832E+01
  0.20586040E+01  0.34235096E+01
  0.20686659E+01  0.34162923E+01
  0.20787279E+01  0.34098322E+01
  0.20887898E+01  0.34041302E+01
  0.20988518E+01  0.33991871E+01
  0.21089137E+01  0.33950034E+01
  0.21189757E+01  0.33915798E+01
  0.21290376E+01  0.33889165E+01
  0.21390996E+01  0.33870139E+01
  0.21491615E+01  0.33858723E+01
  0.21592235E+01  0.33854918E+01
  
  0.00000000E+00  0.50362711E+01
  0.10020991E-01  0.50363963E+01
  0.20041982E-01  0.50367721E+01
  0.30062973E-01  0.50373991E+01
  0.40083964E-01  0.50382787E+01
  0.50104955E-01  0.50394123E+01
  0.60125946E-01  0.50408020E+01
  0.70146937E-01  0.50424505E+01
  0.80167928E-01  0.50443606E+01
  0.90188919E-01  0.50465356E+01
  0.10020991E+00  0.50489794E+01
  0.11023090E+00  0.50516960E+01
  0.12025189E+00  0.50546898E+01
  0.13027288E+00  0.50579657E+01
  0.14029387E+00  0.50615287E+01
  0.15031486E+00  0.50653841E+01
  0.16033586E+00  0.50695375E+01
  0.17035685E+00  0.50739947E+01
  0.18037784E+00  0.50787616E+01
  0.19039883E+00  0.50838443E+01
  0.20041982E+00  0.50892490E+01
  0.21044081E+00  0.50949820E+01
  0.22046180E+00  0.51010494E+01
  0.23048279E+00  0.51074578E+01
  0.24050378E+00  0.51142131E+01
  0.25052477E+00  0.51213217E+01
  0.26054577E+00  0.51287894E+01
  0.27056676E+00  0.51366223E+01
  0.28058775E+00  0.51448260E+01
  0.29060874E+00  0.51534059E+01
  0.30062973E+00  0.51623672E+01
  0.31065072E+00  0.51717147E+01
  0.32067171E+00  0.51814529E+01
  0.33069270E+00  0.51915860E+01
  0.34071369E+00  0.52021176E+01
  0.35073468E+00  0.52130510E+01
  0.36075567E+00  0.52243888E+01
  0.37077667E+00  0.52361333E+01
  0.38079766E+00  0.52482861E+01
  0.39081865E+00  0.52608482E+01
  0.40083964E+00  0.52738199E+01
  0.41086063E+00  0.52872010E+01
  0.42088162E+00  0.53009904E+01
  0.43090261E+00  0.53151864E+01
  0.44092360E+00  0.53297865E+01
  0.45094459E+00  0.53447873E+01
  0.46096558E+00  0.53601847E+01
  0.47098658E+00  0.53759736E+01
  0.48100757E+00  0.53921480E+01
  0.49102856E+00  0.54087013E+01
  0.50104955E+00  0.54256254E+01
  0.51107054E+00  0.54429117E+01
  0.52109153E+00  0.54605502E+01
  0.53111252E+00  0.54785301E+01
  0.54113351E+00  0.54968394E+01
  0.55115450E+00  0.55154651E+01
  0.56117549E+00  0.55343929E+01
  0.57119649E+00  0.55536076E+01
  0.58121748E+00  0.55730924E+01
  0.59123847E+00  0.55928297E+01
  0.60125946E+00  0.56128003E+01
  0.61128045E+00  0.56329839E+01
  0.62130144E+00  0.56533590E+01
  0.63132243E+00  0.56739024E+01
  0.64134342E+00  0.56945899E+01
  0.65136441E+00  0.57153957E+01
  0.66138540E+00  0.57362927E+01
  0.67140639E+00  0.57572523E+01
  0.68142739E+00  0.57782445E+01
  0.69144838E+00  0.57992379E+01
  0.70146937E+00  0.58201994E+01
  0.71149036E+00  0.58410947E+01
  0.72151135E+00  0.58618879E+01
  0.73153234E+00  0.58825415E+01
  0.74155333E+00  0.59030170E+01
  0.75157432E+00  0.59232740E+01
  0.76159531E+00  0.59432711E+01
  0.77161630E+00  0.59629654E+01
  0.78163730E+00  0.59823128E+01
  0.79165829E+00  0.60012682E+01
  0.80167928E+00  0.60197854E+01
  0.81170027E+00  0.60378173E+01
  0.82172126E+00  0.60553161E+01
  0.83174225E+00  0.60722336E+01
  0.84176324E+00  0.60885211E+01
  0.85178423E+00  0.61041300E+01
  0.86180522E+00  0.61190120E+01
  0.87182621E+00  0.61331191E+01
  0.88184721E+00  0.61464044E+01
  0.89186820E+00  0.61588220E+01
  0.90188919E+00  0.61703279E+01
  0.91191018E+00  0.61808797E+01
  0.92193117E+00  0.61904378E+01
  0.93195216E+00  0.61989651E+01
  0.94197315E+00  0.62064279E+01
  0.95199414E+00  0.62127961E+01
  0.96201513E+00  0.62180435E+01
  0.97203612E+00  0.62221481E+01
  0.98205712E+00  0.62250925E+01
  0.99207811E+00  0.62268643E+01
  0.10020991E+01  0.62274557E+01
  0.10121610E+01  0.62265554E+01
  0.10222230E+01  0.62238591E+01
  0.10322849E+01  0.62193795E+01
  0.10423469E+01  0.62131379E+01
  0.10524089E+01  0.62051629E+01
  0.10624708E+01  0.61954904E+01
  0.10725328E+01  0.61841623E+01
  0.10825947E+01  0.61712259E+01
  0.10926567E+01  0.61567325E+01
  0.11027186E+01  0.61407370E+01
  0.11127806E+01  0.61232966E+01
  0.11228425E+01  0.61044700E+01
  0.11329045E+01  0.60843167E+01
  0.11429664E+01  0.60628964E+01
  0.11530284E+01  0.60402682E+01
  0.11630903E+01  0.60164904E+01
  0.11731523E+01  0.59916198E+01
  0.11832142E+01  0.59657120E+01
  0.11932762E+01  0.59388206E+01
  0.12033381E+01  0.59109975E+01
  0.12134001E+01  0.58822927E+01
  0.12234620E+01  0.58527542E+01
  0.12335240E+01  0.58224284E+01
  0.12435859E+01  0.57913597E+01
  0.12536479E+01  0.57595910E+01
  0.12637098E+01  0.57271634E+01
  0.12737718E+01  0.56941168E+01
  0.12838337E+01  0.56604895E+01
  0.12938957E+01  0.56263189E+01
  0.13039576E+01  0.55916409E+01
  0.13140196E+01  0.55564906E+01
  0.13240815E+01  0.55209023E+01
  0.13341435E+01  0.54849093E+01
  0.13442054E+01  0.54485441E+01
  0.13542674E+01  0.54118389E+01
  0.13643293E+01  0.53748249E+01
  0.13743913E+01  0.53375330E+01
  0.13844532E+01  0.52999936E+01
  0.13945152E+01  0.52622366E+01
  0.14045771E+01  0.52242916E+01
  0.14146391E+01  0.51861875E+01
  0.14247010E+01  0.51479533E+01
  0.14347630E+01  0.51096174E+01
  0.14448249E+01  0.50712078E+01
  0.14548869E+01  0.50327522E+01
  0.14649488E+01  0.49942782E+01
  0.14750108E+01  0.49558127E+01
  0.14850727E+01  0.49173826E+01
  0.14951347E+01  0.48790141E+01
  0.15051966E+01  0.48407334E+01
  0.15152586E+01  0.48025660E+01
  0.15253205E+01  0.47645373E+01
  0.15353825E+01  0.47266721E+01
  0.15454445E+01  0.46889948E+01
  0.15555064E+01  0.46515294E+01
  0.15655684E+01  0.46142996E+01
  0.15756303E+01  0.45773283E+01
  0.15856923E+01  0.45406383E+01
  0.15957542E+01  0.45042516E+01
  0.16058162E+01  0.44681898E+01
  0.16158781E+01  0.44324741E+01
  0.16259401E+01  0.43971249E+01
  0.16360020E+01  0.43621623E+01
  0.16460640E+01  0.43276058E+01
  0.16561259E+01  0.42934741E+01
  0.16661879E+01  0.42597857E+01
  0.16762498E+01  0.42265582E+01
  0.16863118E+01  0.41938087E+01
  0.16963737E+01  0.41615538E+01
  0.17064357E+01  0.41298095E+01
  0.17164976E+01  0.40985911E+01
  0.17265596E+01  0.40679133E+01
  0.17366215E+01  0.40377903E+01
  0.17466835E+01  0.40082357E+01
  0.17567454E+01  0.39792625E+01
  0.17668074E+01  0.39508830E+01
  0.17768693E+01  0.39231090E+01
  0.17869313E+01  0.38959519E+01
  0.17969932E+01  0.38694223E+01
  0.18070552E+01  0.38435304E+01
  0.18171171E+01  0.38182857E+01
  0.18271791E+01  0.37936973E+01
  0.18372410E+01  0.37697738E+01
  0.18473030E+01  0.37465233E+01
  0.18573649E+01  0.37239533E+01
  0.18674269E+01  0.37020710E+01
  0.18774888E+01  0.36808829E+01
  0.18875508E+01  0.36603953E+01
  0.18976127E+01  0.36406140E+01
  0.19076747E+01  0.36215443E+01
  0.19177366E+01  0.36031913E+01
  0.19277986E+01  0.35855595E+01
  0.19378605E+01  0.35686532E+01
  0.19479225E+01  0.35524764E+01
  0.19579844E+01  0.35370326E+01
  0.19680464E+01  0.35223252E+01
  0.19781083E+01  0.35083571E+01
  0.19881703E+01  0.34951311E+01
  0.19982322E+01  0.34826498E+01
  0.20082942E+01  0.34709152E+01
  0.20183561E+01  0.34599296E+01
  0.20284181E+01  0.34496947E+01
  0.20384801E+01  0.34402122E+01
  0.20485420E+01  0.34314835E+01
  0.20586040E+01  0.34235099E+01
  0.20686659E+01  0.34162925E+01
  0.20787279E+01  0.34098324E+01
  0.20887898E+01  0.34041304E+01
  0.20988518E+01  0.33991873E+01
  0.21089137E+01  0.33950036E+01
  0.21189757E+01  0.33915799E+01
  0.21290376E+01  0.33889166E+01
  0.21390996E+01  0.33870141E+01
  0.21491615E+01  0.33858724E+01
  0.21592235E+01  0.33854919E+01
  
  0.00000000E+00  0.77437775E+01
  0.10020991E-01  0.77441322E+01
  0.20041982E-01  0.77451962E+01
  0.30062973E-01  0.77469685E+01
  0.40083964E-01  0.77494477E+01
  0.50104955E-01  0.77526320E+01
  0.60125946E-01  0.77565187E+01
  0.70146937E-01  0.77611048E+01
  0.80167928E-01  0.77663867E+01
  0.90188919E-01  0.77723603E+01
  0.10020991E+00  0.77790207E+01
  0.11023090E+00  0.77863629E+01
  0.12025189E+00  0.77943810E+01
  0.13027288E+00  0.78030688E+01
  0.14029387E+00  0.78124196E+01
  0.15031486E+00  0.78224260E+01
  0.16033586E+00  0.78330802E+01
  0.17035685E+00  0.78443742E+01
  0.18037784E+00  0.78562990E+01
  0.19039883E+00  0.78688456E+01
  0.20041982E+00  0.78820044E+01
  0.21044081E+00  0.78957653E+01
  0.22046180E+00  0.79101177E+01
  0.23048279E+00  0.79250507E+01
  0.24050378E+00  0.79405531E+01
  0.25052477E+00  0.79566130E+01
  0.26054577E+00  0.79732183E+01
  0.27056676E+00  0.79903565E+01
  0.28058775E+00  0.80080146E+01
  0.29060874E+00  0.80261793E+01
  0.30062973E+00  0.80448369E+01
  0.31065072E+00  0.80639734E+01
  0.32067171E+00  0.80835743E+01
  0.33069270E+00  0.81036249E+01
  0.34071369E+00  0.81241098E+01
  0.35073468E+00  0.81450135E+01
  0.36075567E+00  0.81663202E+01
  0.37077667E+00  0.81880133E+01
  0.38079766E+00  0.82100763E+01
  0.39081865E+00  0.82324918E+01
  0.40083964E+00  0.82552424E+01
  0.41086063E+00  0.82783099E+01
  0.42088162E+00  0.83016758E+01
  0.43090261E+00  0.83253212E+01
  0.44092360E+00  0.83492264E+01
  0.45094459E+00  0.83733714E+01
  0.46096558E+00  0.83977354E+01
  0.47098658E+00  0.84222972E+01
  0.48100757E+00  0.84470346E+01
  0.49102856E+00  0.84719250E+01
  0.50104955E+00  0.84969446E+01
  0.51107054E+00  0.85220691E+01
  0.52109153E+00  0.85472730E+01
  0.53111252E+00  0.85725298E+01
  0.54113351E+00  0.85978118E+01
  0.55115450E+00  0.86230901E+01
  0.56117549E+00  0.86483343E+01
  0.57119649E+00  0.86735125E+01
  0.58121748E+00  0.86985907E+01
  0.59123847E+00  0.87235333E+01
  0.60125946E+00  0.87483020E+01
  0.61128045E+00  0.87728562E+01
  0.62130144E+00  0.87971520E+01
  0.63132243E+00  0.88211420E+01
  0.64134342E+00  0.88447747E+01
  0.65136441E+00  0.88679938E+01
  0.66138540E+00  0.88907369E+01
  0.67140639E+00  0.89129348E+01
  0.68142739E+00  0.89345100E+01
  0.69144838E+00  0.89553743E+01
  0.70146937E+00  0.89754274E+01
  0.71149036E+00  0.89945532E+01
  0.72151135E+00  0.90126168E+01
  0.73153234E+00  0.90294603E+01
  0.74155333E+00  0.90444223E+01
  0.75157432E+00  0.90289707E+01
  0.76159531E+00  0.90136304E+01
  0.77161630E+00  0.89984397E+01
  0.78163730E+00  0.89834381E+01
  0.79165829E+00  0.89686666E+01
  0.80167928E+00  0.89541672E+01
  0.81170027E+00  0.89399831E+01
  0.82172126E+00  0.89261581E+01
  0.83174225E+00  0.89127371E+01
  0.84176324E+00  0.88997650E+01
  0.85178423E+00  0.88872872E+01
  0.86180522E+00  0.88753492E+01
  0.87182621E+00  0.88639958E+01
  0.88184721E+00  0.88532713E+01
  0.89186820E+00  0.88432190E+01
  0.90188919E+00  0.88338807E+01
  0.91191018E+00  0.88252965E+01
  0.92193117E+00  0.88175042E+01
  0.93195216E+00  0.88105390E+01
  0.94197315E+00  0.88044331E+01
  0.95199414E+00  0.87992154E+01
  0.96201513E+00  0.87949109E+01
  0.97203612E+00  0.87915406E+01
  0.98205712E+00  0.87891212E+01
  0.99207811E+00  0.87876647E+01
  0.10020991E+01  0.87871784E+01
  0.10121610E+01  0.87866085E+01
  0.10222230E+01  0.87848995E+01
  0.10322849E+01  0.87820537E+01
  0.10423469E+01  0.87780749E+01
  0.10524089E+01  0.87729683E+01
  0.10624708E+01  0.87667406E+01
  0.10725328E+01  0.87594000E+01
  0.10825947E+01  0.87509563E+01
  0.10926567E+01  0.87414205E+01
  0.11027186E+01  0.87308051E+01
  0.11127806E+01  0.87191240E+01
  0.11228425E+01  0.87063926E+01
  0.11329045E+01  0.86926274E+01
  0.11429664E+01  0.86778464E+01
  0.11530284E+01  0.86620688E+01
  0.11630903E+01  0.86453151E+01
  0.11731523E+01  0.86276070E+01
  0.11832142E+01  0.86089672E+01
  0.11932762E+01  0.85894198E+01
  0.12033381E+01  0.85689897E+01
  0.12134001E+01  0.85477032E+01
  0.12234620E+01  0.85255872E+01
  0.12335240E+01  0.85026699E+01
  0.12435859E+01  0.84789801E+01
  0.12536479E+01  0.84545476E+01
  0.12637098E+01  0.84294031E+01
  0.12737718E+01  0.84035778E+01
  0.12838337E+01  0.83771038E+01
  0.12938957E+01  0.83500138E+01
  0.13039576E+01  0.83223408E+01
  0.13140196E+01  0.82941189E+01
  0.13240815E+01  0.82653821E+01
  0.13341435E+01  0.82361651E+01
  0.13442054E+01  0.82065030E+01
  0.13542674E+01  0.81764311E+01
  0.13643293E+01  0.81459849E+01
  0.13743913E+01  0.81152003E+01
  0.13844532E+01  0.80841131E+01
  0.13945152E+01  0.80527594E+01
  0.14045771E+01  0.80211752E+01
  0.14146391E+01  0.79893965E+01
  0.14247010E+01  0.79574593E+01
  0.14347630E+01  0.79253993E+01
  0.14448249E+01  0.78932522E+01
  0.14548869E+01  0.78610534E+01
  0.14649488E+01  0.78288382E+01
  0.14750108E+01  0.77966413E+01
  0.14850727E+01  0.77644972E+01
  0.14951347E+01  0.77324401E+01
  0.15051966E+01  0.77005035E+01
  0.15152586E+01  0.76687206E+01
  0.15253205E+01  0.76371241E+01
  0.15353825E+01  0.76057461E+01
  0.15454445E+01  0.75746181E+01
  0.15555064E+01  0.75437709E+01
  0.15655684E+01  0.75132348E+01
  0.15756303E+01  0.74830394E+01
  0.15856923E+01  0.74532135E+01
  0.15957542E+01  0.74237854E+01
  0.16058162E+01  0.73947822E+01
  0.16158781E+01  0.73662308E+01
  0.16259401E+01  0.73381570E+01
  0.16360020E+01  0.73105857E+01
  0.16460640E+01  0.72835413E+01
  0.16561259E+01  0.72570472E+01
  0.16661879E+01  0.72311259E+01
  0.16762498E+01  0.72057993E+01
  0.16863118E+01  0.71810881E+01
  0.16963737E+01  0.71570126E+01
  0.17064357E+01  0.71335919E+01
  0.17164976E+01  0.71108443E+01
  0.17265596E+01  0.70887875E+01
  0.17366215E+01  0.70674381E+01
  0.17466835E+01  0.70468119E+01
  0.17567454E+01  0.70269240E+01
  0.17668074E+01  0.70077885E+01
  0.17768693E+01  0.69894188E+01
  0.17869313E+01  0.69718276E+01
  0.17969932E+01  0.69550264E+01
  0.18070552E+01  0.69390265E+01
  0.18171171E+01  0.69238379E+01
  0.18271791E+01  0.69094702E+01
  0.18372410E+01  0.68959320E+01
  0.18473030E+01  0.68832314E+01
  0.18573649E+01  0.68713756E+01
  0.18674269E+01  0.68603712E+01
  0.18774888E+01  0.68502241E+01
  0.18875508E+01  0.68409395E+01
  0.18976127E+01  0.68325220E+01
  0.19076747E+01  0.68249756E+01
  0.19177366E+01  0.68183035E+01
  0.19277986E+01  0.68125084E+01
  0.19378605E+01  0.68075925E+01
  0.19479225E+01  0.68035574E+01
  0.19579844E+01  0.68004039E+01
  0.19680464E+01  0.67981326E+01
  0.19781083E+01  0.67967433E+01
  0.19881703E+01  0.67962355E+01
  0.19982322E+01  0.67966080E+01
  0.20082942E+01  0.67978592E+01
  0.20183561E+01  0.67999869E+01
  0.20284181E+01  0.68029887E+01
  0.20384801E+01  0.68068615E+01
  0.20485420E+01  0.68116017E+01
  0.20586040E+01  0.68172056E+01
  0.20686659E+01  0.68236686E+01
  0.20787279E+01  0.68309860E+01
  0.20887898E+01  0.68391527E+01
  0.20988518E+01  0.68481628E+01
  0.21089137E+01  0.68580105E+01
  0.21189757E+01  0.68686893E+01
  0.21290376E+01  0.68801922E+01
  0.21390996E+01  0.68925121E+01
  0.21491615E+01  0.69056414E+01
  0.21592235E+01  0.69195719E+01
  
  0.00000000E+00  0.95523422E+01
  0.10020991E-01  0.95523221E+01
  0.20041982E-01  0.95522615E+01
  0.30062973E-01  0.95521595E+01
  0.40083964E-01  0.95520143E+01
  0.50104955E-01  0.95518235E+01
  0.60125946E-01  0.95515842E+01
  0.70146937E-01  0.95512927E+01
  0.80167928E-01  0.95509448E+01
  0.90188919E-01  0.95505355E+01
  0.10020991E+00  0.95500593E+01
  0.11023090E+00  0.95495103E+01
  0.12025189E+00  0.95488818E+01
  0.13027288E+00  0.95481667E+01
  0.14029387E+00  0.95473574E+01
  0.15031486E+00  0.95464459E+01
  0.16033586E+00  0.95454237E+01
  0.17035685E+00  0.95442820E+01
  0.18037784E+00  0.95430115E+01
  0.19039883E+00  0.95416026E+01
  0.20041982E+00  0.95400456E+01
  0.21044081E+00  0.95383305E+01
  0.22046180E+00  0.95364469E+01
  0.23048279E+00  0.95343844E+01
  0.24050378E+00  0.95321326E+01
  0.25052477E+00  0.95296809E+01
  0.26054577E+00  0.95270185E+01
  0.27056676E+00  0.95241350E+01
  0.28058775E+00  0.95210197E+01
  0.29060874E+00  0.95176622E+01
  0.30062973E+00  0.95140521E+01
  0.31065072E+00  0.95101793E+01
  0.32067171E+00  0.95060340E+01
  0.33069270E+00  0.95016065E+01
  0.34071369E+00  0.94968874E+01
  0.35073468E+00  0.94918679E+01
  0.36075567E+00  0.94865394E+01
  0.37077667E+00  0.94808936E+01
  0.38079766E+00  0.94749231E+01
  0.39081865E+00  0.94686207E+01
  0.40083964E+00  0.94619798E+01
  0.41086063E+00  0.94549946E+01
  0.42088162E+00  0.94476596E+01
  0.43090261E+00  0.94399704E+01
  0.44092360E+00  0.94319229E+01
  0.45094459E+00  0.94235141E+01
  0.46096558E+00  0.94147416E+01
  0.47098658E+00  0.94056040E+01
  0.48100757E+00  0.93961005E+01
  0.49102856E+00  0.93862315E+01
  0.50104955E+00  0.93759982E+01
  0.51107054E+00  0.93654028E+01
  0.52109153E+00  0.93544485E+01
  0.53111252E+00  0.93431396E+01
  0.54113351E+00  0.93314815E+01
  0.55115450E+00  0.93194807E+01
  0.56117549E+00  0.93071448E+01
  0.57119649E+00  0.92944828E+01
  0.58121748E+00  0.92815047E+01
  0.59123847E+00  0.92682219E+01
  0.60125946E+00  0.92546471E+01
  0.61128045E+00  0.92407944E+01
  0.62130144E+00  0.92266790E+01
  0.63132243E+00  0.92123178E+01
  0.64134342E+00  0.91977291E+01
  0.65136441E+00  0.91829326E+01
  0.66138540E+00  0.91679494E+01
  0.67140639E+00  0.91528024E+01
  0.68142739E+00  0.91375157E+01
  0.69144838E+00  0.91221153E+01
  0.70146937E+00  0.91066286E+01
  0.71149036E+00  0.90910845E+01
  0.72151135E+00  0.90755137E+01
  0.73153234E+00  0.90599484E+01
  0.74155333E+00  0.90444227E+01
  0.75157432E+00  0.90289711E+01
  0.76159531E+00  0.90136308E+01
  0.77161630E+00  0.89984401E+01
  0.78163730E+00  0.89834385E+01
  0.79165829E+00  0.89686670E+01
  0.80167928E+00  0.89541676E+01
  0.81170027E+00  0.89399835E+01
  0.82172126E+00  0.89261585E+01
  0.83174225E+00  0.89127374E+01
  0.84176324E+00  0.88997653E+01
  0.85178423E+00  0.88872875E+01
  0.86180522E+00  0.88753495E+01
  0.87182621E+00  0.88639960E+01
  0.88184721E+00  0.88532715E+01
  0.89186820E+00  0.88432192E+01
  0.90188919E+00  0.88338809E+01
  0.91191018E+00  0.88252967E+01
  0.92193117E+00  0.88175044E+01
  0.93195216E+00  0.88105391E+01
  0.94197315E+00  0.88044332E+01
  0.95199414E+00  0.87992155E+01
  0.96201513E+00  0.87949110E+01
  0.97203612E+00  0.87915407E+01
  0.98205712E+00  0.87891212E+01
  0.99207811E+00  0.87876647E+01
  0.10020991E+01  0.87871784E+01
  0.10121610E+01  0.87887646E+01
  0.10222230E+01  0.87935189E+01
  0.10322849E+01  0.88014281E+01
  0.10423469E+01  0.88124707E+01
  0.10524089E+01  0.88266172E+01
  0.10624708E+01  0.88438311E+01
  0.10725328E+01  0.88640694E+01
  0.10825947E+01  0.88872836E+01
  0.10926567E+01  0.89134209E+01
  0.11027186E+01  0.89424248E+01
  0.11127806E+01  0.89742361E+01
  0.11228425E+01  0.90087938E+01
  0.11329045E+01  0.90460359E+01
  0.11429664E+01  0.90858997E+01
  0.11530284E+01  0.91283230E+01
  0.11630903E+01  0.91732437E+01
  0.11731523E+01  0.92206008E+01
  0.11832142E+01  0.92703344E+01
  0.11932762E+01  0.93223858E+01
  0.12033381E+01  0.93766975E+01
  0.12134001E+01  0.94332134E+01
  0.12234620E+01  0.94569431E+01
  0.12335240E+01  0.94451766E+01
  0.12435859E+01  0.94326783E+01
  0.12536479E+01  0.94194373E+01
  0.12637098E+01  0.94054447E+01
  0.12737718E+01  0.93906932E+01
  0.12838337E+01  0.93751773E+01
  0.12938957E+01  0.93588933E+01
  0.13039576E+01  0.93418393E+01
  0.13140196E+01  0.93240151E+01
  0.13240815E+01  0.93054223E+01
  0.13341435E+01  0.92860642E+01
  0.13442054E+01  0.92659457E+01
  0.13542674E+01  0.92450732E+01
  0.13643293E+01  0.92234548E+01
  0.13743913E+01  0.92011000E+01
  0.13844532E+01  0.91780197E+01
  0.13945152E+01  0.91542260E+01
  0.14045771E+01  0.91297327E+01
  0.14146391E+01  0.91045542E+01
  0.14247010E+01  0.90787066E+01
  0.14347630E+01  0.90522068E+01
  0.14448249E+01  0.90250727E+01
  0.14548869E+01  0.89973231E+01
  0.14649488E+01  0.89689779E+01
  0.14750108E+01  0.89400574E+01
  0.14850727E+01  0.89105831E+01
  0.14951347E+01  0.88805769E+01
  0.15051966E+01  0.88500613E+01
  0.15152586E+01  0.88190594E+01
  0.15253205E+01  0.87875950E+01
  0.15353825E+01  0.87556919E+01
  0.15454445E+01  0.87233748E+01
  0.15555064E+01  0.86906683E+01
  0.15655684E+01  0.86575976E+01
  0.15756303E+01  0.86241881E+01
  0.15856923E+01  0.85904652E+01
  0.15957542E+01  0.85564546E+01
  0.16058162E+01  0.85221822E+01
  0.16158781E+01  0.84876739E+01
  0.16259401E+01  0.84529556E+01
  0.16360020E+01  0.84180532E+01
  0.16460640E+01  0.83829928E+01
  0.16561259E+01  0.83478000E+01
  0.16661879E+01  0.83125009E+01
  0.16762498E+01  0.82771209E+01
  0.16863118E+01  0.82416857E+01
  0.16963737E+01  0.82062207E+01
  0.17064357E+01  0.81707511E+01
  0.17164976E+01  0.81353018E+01
  0.17265596E+01  0.80998977E+01
  0.17366215E+01  0.80645634E+01
  0.17466835E+01  0.80293230E+01
  0.17567454E+01  0.79942006E+01
  0.17668074E+01  0.79592201E+01
  0.17768693E+01  0.79244047E+01
  0.17869313E+01  0.78897777E+01
  0.17969932E+01  0.78553619E+01
  0.18070552E+01  0.78211797E+01
  0.18171171E+01  0.77872533E+01
  0.18271791E+01  0.77536045E+01
  0.18372410E+01  0.77202548E+01
  0.18473030E+01  0.76872252E+01
  0.18573649E+01  0.76545365E+01
  0.18674269E+01  0.76222090E+01
  0.18774888E+01  0.75902628E+01
  0.18875508E+01  0.75587174E+01
  0.18976127E+01  0.75275921E+01
  0.19076747E+01  0.74969056E+01
  0.19177366E+01  0.74666766E+01
  0.19277986E+01  0.74369230E+01
  0.19378605E+01  0.74076626E+01
  0.19479225E+01  0.73789125E+01
  0.19579844E+01  0.73506899E+01
  0.19680464E+01  0.73230111E+01
  0.19781083E+01  0.72958922E+01
  0.19881703E+01  0.72693491E+01
  0.19982322E+01  0.72433971E+01
  0.20082942E+01  0.72180511E+01
  0.20183561E+01  0.71933258E+01
  0.20284181E+01  0.71692352E+01
  0.20384801E+01  0.71457931E+01
  0.20485420E+01  0.71230131E+01
  0.20586040E+01  0.71009080E+01
  0.20686659E+01  0.70794906E+01
  0.20787279E+01  0.70587731E+01
  0.20887898E+01  0.70387673E+01
  0.20988518E+01  0.70194847E+01
  0.21089137E+01  0.70009365E+01
  0.21189757E+01  0.69831333E+01
  0.21290376E+01  0.69660855E+01
  0.21390996E+01  0.69498030E+01
  0.21491615E+01  0.69342955E+01
  0.21592235E+01  0.69195720E+01
  
  0.00000000E+00  0.95523423E+01
  0.10020991E-01  0.95523223E+01
  0.20041982E-01  0.95522617E+01
  0.30062973E-01  0.95521597E+01
  0.40083964E-01  0.95520145E+01
  0.50104955E-01  0.95518237E+01
  0.60125946E-01  0.95515844E+01
  0.70146937E-01  0.95512930E+01
  0.80167928E-01  0.95509450E+01
  0.90188919E-01  0.95505357E+01
  0.10020991E+00  0.95500596E+01
  0.11023090E+00  0.95495106E+01
  0.12025189E+00  0.95488821E+01
  0.13027288E+00  0.95481670E+01
  0.14029387E+00  0.95473577E+01
  0.15031486E+00  0.95464463E+01
  0.16033586E+00  0.95454241E+01
  0.17035685E+00  0.95442823E+01
  0.18037784E+00  0.95430118E+01
  0.19039883E+00  0.95416029E+01
  0.20041982E+00  0.95400460E+01
  0.21044081E+00  0.95383308E+01
  0.22046180E+00  0.95364472E+01
  0.23048279E+00  0.95343848E+01
  0.24050378E+00  0.95321330E+01
  0.25052477E+00  0.95296813E+01
  0.26054577E+00  0.95270190E+01
  0.27056676E+00  0.95241354E+01
  0.28058775E+00  0.95210201E+01
  0.29060874E+00  0.95176626E+01
  0.30062973E+00  0.95140525E+01
  0.31065072E+00  0.95101798E+01
  0.32067171E+00  0.95060345E+01
  0.33069270E+00  0.95016070E+01
  0.34071369E+00  0.94968879E+01
  0.35073468E+00  0.94918684E+01
  0.36075567E+00  0.94865398E+01
  0.37077667E+00  0.94808941E+01
  0.38079766E+00  0.94749236E+01
  0.39081865E+00  0.94686212E+01
  0.40083964E+00  0.94619803E+01
  0.41086063E+00  0.94549951E+01
  0.42088162E+00  0.94476601E+01
  0.43090261E+00  0.94399709E+01
  0.44092360E+00  0.94319234E+01
  0.45094459E+00  0.94235146E+01
  0.46096558E+00  0.94147422E+01
  0.47098658E+00  0.94056045E+01
  0.48100757E+00  0.93961010E+01
  0.49102856E+00  0.93862320E+01
  0.50104955E+00  0.93759987E+01
  0.51107054E+00  0.93654033E+01
  0.52109153E+00  0.93544490E+01
  0.53111252E+00  0.93431401E+01
  0.54113351E+00  0.93314820E+01
  0.55115450E+00  0.93194812E+01
  0.56117549E+00  0.93071453E+01
  0.57119649E+00  0.92944833E+01
  0.58121748E+00  0.92815052E+01
  0.59123847E+00  0.92682225E+01
  0.60125946E+00  0.92546477E+01
  0.61128045E+00  0.92407949E+01
  0.62130144E+00  0.92266795E+01
  0.63132243E+00  0.92123183E+01
  0.64134342E+00  0.91977296E+01
  0.65136441E+00  0.91829331E+01
  0.66138540E+00  0.91679499E+01
  0.67140639E+00  0.91528029E+01
  0.68142739E+00  0.91375162E+01
  0.69144838E+00  0.91221158E+01
  0.70146937E+00  0.91066290E+01
  0.71149036E+00  0.90910849E+01
  0.72151135E+00  0.90755141E+01
  0.73153234E+00  0.90599488E+01
  0.74155333E+00  0.90448974E+01
  0.75157432E+00  0.90587085E+01
  0.76159531E+00  0.90706355E+01
  0.77161630E+00  0.90803784E+01
  0.78163730E+00  0.90875970E+01
  0.79165829E+00  0.90919208E+01
  0.80167928E+00  0.90929744E+01
  0.81170027E+00  0.90904208E+01
  0.82172126E+00  0.90840244E+01
  0.83174225E+00  0.90737185E+01
  0.84176324E+00  0.90596582E+01
  0.85178423E+00  0.90422302E+01
  0.86180522E+00  0.90220163E+01
  0.87182621E+00  0.89997201E+01
  0.88184721E+00  0.89760897E+01
  0.89186820E+00  0.89518537E+01
  0.90188919E+00  0.89276836E+01
  0.91191018E+00  0.89041765E+01
  0.92193117E+00  0.88818526E+01
  0.93195216E+00  0.88611600E+01
  0.94197315E+00  0.88424810E+01
  0.95199414E+00  0.88261394E+01
  0.96201513E+00  0.88124047E+01
  0.97203612E+00  0.88014956E+01
  0.98205712E+00  0.87935821E+01
  0.99207811E+00  0.87887854E+01
  0.10020991E+01  0.87871784E+01
  0.10121610E+01  0.87887646E+01
  0.10222230E+01  0.87935189E+01
  0.10322849E+01  0.88014282E+01
  0.10423469E+01  0.88124708E+01
  0.10524089E+01  0.88266173E+01
  0.10624708E+01  0.88438312E+01
  0.10725328E+01  0.88640695E+01
  0.10825947E+01  0.88872838E+01
  0.10926567E+01  0.89134211E+01
  0.11027186E+01  0.89424250E+01
  0.11127806E+01  0.89742363E+01
  0.11228425E+01  0.90087941E+01
  0.11329045E+01  0.90460361E+01
  0.11429664E+01  0.90859000E+01
  0.11530284E+01  0.91283232E+01
  0.11630903E+01  0.91732440E+01
  0.11731523E+01  0.92206011E+01
  0.11832142E+01  0.92703348E+01
  0.11932762E+01  0.93223862E+01
  0.12033381E+01  0.93766979E+01
  0.12134001E+01  0.94332138E+01
  0.12234620E+01  0.94918788E+01
  0.12335240E+01  0.95526400E+01
  0.12435859E+01  0.96154445E+01
  0.12536479E+01  0.96802409E+01
  0.12637098E+01  0.97469783E+01
  0.12737718E+01  0.98156068E+01
  0.12838337E+01  0.98860770E+01
  0.12938957E+01  0.99583396E+01
  0.13039576E+01  0.10032346E+02
  0.13140196E+01  0.10108047E+02
  0.13240815E+01  0.10185393E+02
  0.13341435E+01  0.10264337E+02
  0.13442054E+01  0.10344828E+02
  0.13542674E+01  0.10426816E+02
  0.13643293E+01  0.10510251E+02
  0.13743913E+01  0.10595083E+02
  0.13844532E+01  0.10681260E+02
  0.13945152E+01  0.10768728E+02
  0.14045771E+01  0.10857436E+02
  0.14146391E+01  0.10947329E+02
  0.14247010E+01  0.11038352E+02
  0.14347630E+01  0.11130450E+02
  0.14448249E+01  0.11223565E+02
  0.14548869E+01  0.11317639E+02
  0.14649488E+01  0.11412615E+02
  0.14750108E+01  0.11508432E+02
  0.14850727E+01  0.11605030E+02
  0.14951347E+01  0.11702346E+02
  0.15051966E+01  0.11800319E+02
  0.15152586E+01  0.11898884E+02
  0.15253205E+01  0.11997978E+02
  0.15353825E+01  0.12097534E+02
  0.15454445E+01  0.12197487E+02
  0.15555064E+01  0.12297769E+02
  0.15655684E+01  0.12398313E+02
  0.15756303E+01  0.12499049E+02
  0.15856923E+01  0.12599909E+02
  0.15957542E+01  0.12700823E+02
  0.16058162E+01  0.12801719E+02
  0.16158781E+01  0.12902527E+02
  0.16259401E+01  0.13003175E+02
  0.16360020E+01  0.13103591E+02
  0.16460640E+01  0.13203703E+02
  0.16561259E+01  0.13303437E+02
  0.16661879E+01  0.13402721E+02
  0.16762498E+01  0.13501481E+02
  0.16863118E+01  0.13599643E+02
  0.16963737E+01  0.13697136E+02
  0.17064357E+01  0.13793884E+02
  0.17164976E+01  0.13889814E+02
  0.17265596E+01  0.13984854E+02
  0.17366215E+01  0.14078931E+02
  0.17466835E+01  0.14171971E+02
  0.17567454E+01  0.14263902E+02
  0.17668074E+01  0.14354653E+02
  0.17768693E+01  0.14444152E+02
  0.17869313E+01  0.14532328E+02
  0.17969932E+01  0.14619112E+02
  0.18070552E+01  0.14704433E+02
  0.18171171E+01  0.14788224E+02
  0.18271791E+01  0.14870416E+02
  0.18372410E+01  0.14950944E+02
  0.18473030E+01  0.15029742E+02
  0.18573649E+01  0.15106744E+02
  0.18674269E+01  0.15181889E+02
  0.18774888E+01  0.15255113E+02
  0.18875508E+01  0.15326356E+02
  0.18976127E+01  0.15395560E+02
  0.19076747E+01  0.15462666E+02
  0.19177366E+01  0.15527618E+02
  0.19277986E+01  0.15590361E+02
  0.19378605E+01  0.15650843E+02
  0.19479225E+01  0.15709013E+02
  0.19579844E+01  0.15764820E+02
  0.19680464E+01  0.15818218E+02
  0.19781083E+01  0.15869162E+02
  0.19881703E+01  0.15917607E+02
  0.19982322E+01  0.15963512E+02
  0.20082942E+01  0.16006837E+02
  0.20183561E+01  0.16047546E+02
  0.20284181E+01  0.16085603E+02
  0.20384801E+01  0.16120975E+02
  0.20485420E+01  0.16153632E+02
  0.20586040E+01  0.16183545E+02
  0.20686659E+01  0.16210688E+02
  0.20787279E+01  0.16235039E+02
  0.20887898E+01  0.16256574E+02
  0.20988518E+01  0.16275277E+02
  0.21089137E+01  0.16291130E+02
  0.21189757E+01  0.16304119E+02
  0.21290376E+01  0.16314234E+02
  0.21390996E+01  0.16321465E+02
  0.21491615E+01  0.16325806E+02
  0.21592235E+01  0.16327254E+02
  
  0.00000000E+00  0.13941749E+02
  0.10020991E-01  0.13940662E+02
  0.20041982E-01  0.13937403E+02
  0.30062973E-01  0.13931974E+02
  0.40083964E-01  0.13924380E+02
  0.50104955E-01  0.13914628E+02
  0.60125946E-01  0.13902727E+02
  0.70146937E-01  0.13888687E+02
  0.80167928E-01  0.13872520E+02
  0.90188919E-01  0.13854242E+02
  0.10020991E+00  0.13833867E+02
  0.11023090E+00  0.13811415E+02
  0.12025189E+00  0.13786904E+02
  0.13027288E+00  0.13760357E+02
  0.14029387E+00  0.13731797E+02
  0.15031486E+00  0.13701249E+02
  0.16033586E+00  0.13668740E+02
  0.17035685E+00  0.13634299E+02
  0.18037784E+00  0.13597955E+02
  0.19039883E+00  0.13559742E+02
  0.20041982E+00  0.13519691E+02
  0.21044081E+00  0.13477839E+02
  0.22046180E+00  0.13434222E+02
  0.23048279E+00  0.13388878E+02
  0.24050378E+00  0.13341846E+02
  0.25052477E+00  0.13293167E+02
  0.26054577E+00  0.13242884E+02
  0.27056676E+00  0.13191040E+02
  0.28058775E+00  0.13137681E+02
  0.29060874E+00  0.13082851E+02
  0.30062973E+00  0.13026598E+02
  0.31065072E+00  0.12968972E+02
  0.32067171E+00  0.12910020E+02
  0.33069270E+00  0.12849793E+02
  0.34071369E+00  0.12788344E+02
  0.35073468E+00  0.12725724E+02
  0.36075567E+00  0.12661986E+02
  0.37077667E+00  0.12597185E+02
  0.38079766E+00  0.12531375E+02
  0.39081865E+00  0.12464612E+02
  0.40083964E+00  0.12396952E+02
  0.41086063E+00  0.12328452E+02
  0.42088162E+00  0.12259170E+02
  0.43090261E+00  0.12189163E+02
  0.44092360E+00  0.12118490E+02
  0.45094459E+00  0.12047210E+02
  0.46096558E+00  0.11975383E+02
  0.47098658E+00  0.11903067E+02
  0.48100757E+00  0.11830325E+02
  0.49102856E+00  0.11757216E+02
  0.50104955E+00  0.11683801E+02
  0.51107054E+00  0.11610143E+02
  0.52109153E+00  0.11536302E+02
  0.53111252E+00  0.11462342E+02
  0.54113351E+00  0.11388326E+02
  0.55115450E+00  0.11314317E+02
  0.56117549E+00  0.11240380E+02
  0.57119649E+00  0.11166579E+02
  0.58121748E+00  0.11092981E+02
  0.59123847E+00  0.11019655E+02
  0.60125946E+00  0.10946668E+02
  0.61128045E+00  0.10874092E+02
  0.62130144E+00  0.10802001E+02
  0.63132243E+00  0.10730470E+02
  0.64134342E+00  0.10659580E+02
  0.65136441E+00  0.10589414E+02
  0.66138540E+00  0.10520064E+02
  0.67140639E+00  0.10451625E+02
  0.68142739E+00  0.10384202E+02
  0.69144838E+00  0.10317911E+02
  0.70146937E+00  0.10252879E+02
  0.71149036E+00  0.10189253E+02
  0.72151135E+00  0.10127195E+02
  0.73153234E+00  0.10066896E+02
  0.74155333E+00  0.10008573E+02
  0.75157432E+00  0.99524813E+01
  0.76159531E+00  0.98989169E+01
  0.77161630E+00  0.98482201E+01
  0.78163730E+00  0.98007759E+01
  0.79165829E+00  0.97570037E+01
  0.80167928E+00  0.97173330E+01
  0.81170027E+00  0.96821602E+01
  0.82172126E+00  0.96517874E+01
  0.83174225E+00  0.96263538E+01
  0.84176324E+00  0.96057851E+01
  0.85178423E+00  0.95897826E+01
  0.86180522E+00  0.95778616E+01
  0.87182621E+00  0.95694232E+01
  0.88184721E+00  0.95638328E+01
  0.89186820E+00  0.95604822E+01
  0.90188919E+00  0.95588278E+01
  0.91191018E+00  0.95584050E+01
  0.92193117E+00  0.95588296E+01
  0.93195216E+00  0.95597902E+01
  0.94197315E+00  0.95610384E+01
  0.95199414E+00  0.95623786E+01
  0.96201513E+00  0.95636589E+01
  0.97203612E+00  0.95647644E+01
  0.98205712E+00  0.95656108E+01
  0.99207811E+00  0.95661409E+01
  0.10020991E+01  0.95663212E+01
  0.10121610E+01  0.95661384E+01
  0.10222230E+01  0.95655885E+01
  0.10322849E+01  0.95646675E+01
  0.10423469E+01  0.95633685E+01
  0.10524089E+01  0.95616822E+01
  0.10624708E+01  0.95595969E+01
  0.10725328E+01  0.95570986E+01
  0.10825947E+01  0.95541716E+01
  0.10926567E+01  0.95507981E+01
  0.11027186E+01  0.95469592E+01
  0.11127806E+01  0.95426347E+01
  0.11228425E+01  0.95378035E+01
  0.11329045E+01  0.95324440E+01
  0.11429664E+01  0.95265345E+01
  0.11530284E+01  0.95200529E+01
  0.11630903E+01  0.95129778E+01
  0.11731523E+01  0.95052880E+01
  0.11832142E+01  0.94969631E+01
  0.11932762E+01  0.94879839E+01
  0.12033381E+01  0.94783319E+01
  0.12134001E+01  0.94679901E+01
  0.12234620E+01  0.94918792E+01
  0.12335240E+01  0.95526404E+01
  0.12435859E+01  0.96154449E+01
  0.12536479E+01  0.96802413E+01
  0.12637098E+01  0.97469787E+01
  0.12737718E+01  0.98156073E+01
  0.12838337E+01  0.98860774E+01
  0.12938957E+01  0.99583400E+01
  0.13039576E+01  0.10032346E+02
  0.13140196E+01  0.10108047E+02
  0.13240815E+01  0.10185394E+02
  0.13341435E+01  0.10264337E+02
  0.13442054E+01  0.10344828E+02
  0.13542674E+01  0.10426816E+02
  0.13643293E+01  0.10510252E+02
  0.13743913E+01  0.10595084E+02
  0.13844532E+01  0.10681260E+02
  0.13945152E+01  0.10768729E+02
  0.14045771E+01  0.10857437E+02
  0.14146391E+01  0.10947330E+02
  0.14247010E+01  0.11038353E+02
  0.14347630E+01  0.11130450E+02
  0.14448249E+01  0.11223565E+02
  0.14548869E+01  0.11317640E+02
  0.14649488E+01  0.11412615E+02
  0.14750108E+01  0.11508432E+02
  0.14850727E+01  0.11605030E+02
  0.14951347E+01  0.11702347E+02
  0.15051966E+01  0.11800319E+02
  0.15152586E+01  0.11898885E+02
  0.15253205E+01  0.11997978E+02
  0.15353825E+01  0.12097534E+02
  0.15454445E+01  0.12197487E+02
  0.15555064E+01  0.12297769E+02
  0.15655684E+01  0.12398313E+02
  0.15756303E+01  0.12499050E+02
  0.15856923E+01  0.12599910E+02
  0.15957542E+01  0.12700823E+02
  0.16058162E+01  0.12801719E+02
  0.16158781E+01  0.12902528E+02
  0.16259401E+01  0.13003176E+02
  0.16360020E+01  0.13103592E+02
  0.16460640E+01  0.13203703E+02
  0.16561259E+01  0.13303438E+02
  0.16661879E+01  0.13402721E+02
  0.16762498E+01  0.13501481E+02
  0.16863118E+01  0.13599644E+02
  0.16963737E+01  0.13697136E+02
  0.17064357E+01  0.13793884E+02
  0.17164976E+01  0.13889815E+02
  0.17265596E+01  0.13984855E+02
  0.17366215E+01  0.14078931E+02
  0.17466835E+01  0.14171971E+02
  0.17567454E+01  0.14263903E+02
  0.17668074E+01  0.14354653E+02
  0.17768693E+01  0.14444152E+02
  0.17869313E+01  0.14532328E+02
  0.17969932E+01  0.14619112E+02
  0.18070552E+01  0.14704433E+02
  0.18171171E+01  0.14788224E+02
  0.18271791E+01  0.14870417E+02
  0.18372410E+01  0.14950945E+02
  0.18473030E+01  0.15029742E+02
  0.18573649E+01  0.15106744E+02
  0.18674269E+01  0.15181889E+02
  0.18774888E+01  0.15255113E+02
  0.18875508E+01  0.15326357E+02
  0.18976127E+01  0.15395560E+02
  0.19076747E+01  0.15462666E+02
  0.19177366E+01  0.15527618E+02
  0.19277986E+01  0.15590361E+02
  0.19378605E+01  0.15650843E+02
  0.19479225E+01  0.15709013E+02
  0.19579844E+01  0.15764820E+02
  0.19680464E+01  0.15818219E+02
  0.19781083E+01  0.15869162E+02
  0.19881703E+01  0.15917607E+02
  0.19982322E+01  0.15963512E+02
  0.20082942E+01  0.16006837E+02
  0.20183561E+01  0.16047546E+02
  0.20284181E+01  0.16085603E+02
  0.20384801E+01  0.16120975E+02
  0.20485420E+01  0.16153632E+02
  0.20586040E+01  0.16183545E+02
  0.20686659E+01  0.16210688E+02
  0.20787279E+01  0.16235039E+02
  0.20887898E+01  0.16256574E+02
  0.20988518E+01  0.16275277E+02
  0.21089137E+01  0.16291130E+02
  0.21189757E+01  0.16304119E+02
  0.21290376E+01  0.16314234E+02
  0.21390996E+01  0.16321465E+02
  0.21491615E+01  0.16325806E+02
  0.21592235E+01  0.16327254E+02
  
