  0.00000000E+00 -0.33849647E+01
  0.10020991E-01 -0.33865736E+01
  0.20041982E-01 -0.33913801E+01
  0.30062973E-01 -0.33993244E+01
  0.40083964E-01 -0.34103101E+01
  0.50104955E-01 -0.34242090E+01
  0.60125946E-01 -0.34408668E+01
  0.70146937E-01 -0.34601096E+01
  0.80167928E-01 -0.34817501E+01
  0.90188919E-01 -0.35055937E+01
  0.10020991E+00 -0.35314440E+01
  0.11023090E+00 -0.35591068E+01
  0.12025189E+00 -0.35883942E+01
  0.13027288E+00 -0.36191264E+01
  0.14029387E+00 -0.36511338E+01
  0.15031486E+00 -0.36842579E+01
  0.16033586E+00 -0.37183516E+01
  0.17035685E+00 -0.37532794E+01
  0.18037784E+00 -0.37889168E+01
  0.19039883E+00 -0.38251500E+01
  0.20041982E+00 -0.38618753E+01
  0.21044081E+00 -0.38989982E+01
  0.22046180E+00 -0.39364331E+01
  0.23048279E+00 -0.39741024E+01
  0.24050378E+00 -0.40119359E+01
  0.25052477E+00 -0.40498705E+01
  0.26054577E+00 -0.40878492E+01
  0.27056676E+00 -0.41258213E+01
  0.28058775E+00 -0.41637412E+01
  0.29060874E+00 -0.42015686E+01
  0.30062973E+00 -0.42392676E+01
  0.31065072E+00 -0.42768066E+01
  0.32067171E+00 -0.43141575E+01
  0.33069270E+00 -0.43512956E+01
  0.34071369E+00 -0.43881990E+01
  0.35073468E+00 -0.44248480E+01
  0.36075567E+00 -0.44612248E+01
  0.37077667E+00 -0.44973134E+01
  0.38079766E+00 -0.45330984E+01
  0.39081865E+00 -0.45685656E+01
  0.40083964E+00 -0.46037009E+01
  0.41086063E+00 -0.46384904E+01
  0.42088162E+00 -0.46729205E+01
  0.43090261E+00 -0.47069771E+01
  0.44092360E+00 -0.47406461E+01
  0.45094459E+00 -0.47739132E+01
  0.46096558E+00 -0.48067639E+01
  0.47098658E+00 -0.48391836E+01
  0.48100757E+00 -0.48711581E+01
  0.49102856E+00 -0.49026731E+01
  0.50104955E+00 -0.49337150E+01
  0.51107054E+00 -0.49642706E+01
  0.52109153E+00 -0.49943278E+01
  0.53111252E+00 -0.50238751E+01
  0.54113351E+00 -0.50529022E+01
  0.55115450E+00 -0.50813999E+01
  0.56117549E+00 -0.51093600E+01
  0.57119649E+00 -0.51367754E+01
  0.58121748E+00 -0.51636401E+01
  0.59123847E+00 -0.51899487E+01
  0.60125946E+00 -0.52156968E+01
  0.61128045E+00 -0.52408803E+01
  0.62130144E+00 -0.52654955E+01
  0.63132243E+00 -0.52895388E+01
  0.64134342E+00 -0.53130064E+01
  0.65136441E+00 -0.53358943E+01
  0.66138540E+00 -0.53581981E+01
  0.67140639E+00 -0.53799128E+01
  0.68142739E+00 -0.54010328E+01
  0.69144838E+00 -0.54215519E+01
  0.70146937E+00 -0.54414633E+01
  0.71149036E+00 -0.54607599E+01
  0.72151135E+00 -0.54794340E+01
  0.73153234E+00 -0.54974780E+01
  0.74155333E+00 -0.55148841E+01
  0.75157432E+00 -0.55316450E+01
  0.76159531E+00 -0.55477536E+01
  0.77161630E+00 -0.55632037E+01
  0.78163730E+00 -0.55779896E+01
  0.79165829E+00 -0.55921069E+01
  0.80167928E+00 -0.56055520E+01
  0.81170027E+00 -0.56183224E+01
  0.82172126E+00 -0.56304169E+01
  0.83174225E+00 -0.56418352E+01
  0.84176324E+00 -0.56525779E+01
  0.85178423E+00 -0.56626469E+01
  0.86180522E+00 -0.56720442E+01
  0.87182621E+00 -0.56807729E+01
  0.88184721E+00 -0.56888362E+01
  0.89186820E+00 -0.56962378E+01
  0.90188919E+00 -0.57029813E+01
  0.91191018E+00 -0.57090704E+01
  0.92193117E+00 -0.57145085E+01
  0.93195216E+00 -0.57192989E+01
  0.94197315E+00 -0.57234445E+01
  0.95199414E+00 -0.57269480E+01
  0.96201513E+00 -0.57298115E+01
  0.97203612E+00 -0.57320369E+01
  0.98205712E+00 -0.57336254E+01
  0.99207811E+00 -0.57345781E+01
  0.10020991E+01 -0.57348956E+01
  0.10121610E+01 -0.57345327E+01
  0.10222230E+01 -0.57334446E+01
  0.10322849E+01 -0.57316338E+01
  0.10423469E+01 -0.57291046E+01
  0.10524089E+01 -0.57258624E+01
  0.10624708E+01 -0.57219144E+01
  0.10725328E+01 -0.57172686E+01
  0.10825947E+01 -0.57119344E+01
  0.10926567E+01 -0.57059219E+01
  0.11027186E+01 -0.56992417E+01
  0.11127806E+01 -0.56919047E+01
  0.11228425E+01 -0.56839221E+01
  0.11329045E+01 -0.56753047E+01
  0.11429664E+01 -0.56660627E+01
  0.11530284E+01 -0.56562057E+01
  0.11630903E+01 -0.56457424E+01
  0.11731523E+01 -0.56346800E+01
  0.11832142E+01 -0.56230244E+01
  0.11932762E+01 -0.56107798E+01
  0.12033381E+01 -0.55979489E+01
  0.12134001E+01 -0.55845322E+01
  0.12234620E+01 -0.55705287E+01
  0.12335240E+01 -0.55559353E+01
  0.12435859E+01 -0.55407471E+01
  0.12536479E+01 -0.55249577E+01
  0.12637098E+01 -0.55085590E+01
  0.12737718E+01 -0.54915415E+01
  0.12838337E+01 -0.54738948E+01
  0.12938957E+01 -0.54556075E+01
  0.13039576E+01 -0.54366675E+01
  0.13140196E+01 -0.54170627E+01
  0.13240815E+01 -0.53967808E+01
  0.13341435E+01 -0.53758102E+01
  0.13442054E+01 -0.53541397E+01
  0.13542674E+01 -0.53317593E+01
  0.13643293E+01 -0.53086602E+01
  0.13743913E+01 -0.52848352E+01
  0.13844532E+01 -0.52602789E+01
  0.13945152E+01 -0.52349880E+01
  0.14045771E+01 -0.52089611E+01
  0.14146391E+01 -0.51821995E+01
  0.14247010E+01 -0.51547067E+01
  0.14347630E+01 -0.51264885E+01
  0.14448249E+01 -0.50975534E+01
  0.14548869E+01 -0.50679122E+01
  0.14649488E+01 -0.50375780E+01
  0.14750108E+01 -0.50065662E+01
  0.14850727E+01 -0.49748940E+01
  0.14951347E+01 -0.49425807E+01
  0.15051966E+01 -0.49096471E+01
  0.15152586E+01 -0.48761154E+01
  0.15253205E+01 -0.48420085E+01
  0.15353825E+01 -0.48073502E+01
  0.15454445E+01 -0.47721645E+01
  0.15555064E+01 -0.47364754E+01
  0.15655684E+01 -0.47003060E+01
  0.15756303E+01 -0.46636787E+01
  0.15856923E+01 -0.46266143E+01
  0.15957542E+01 -0.45891316E+01
  0.16058162E+01 -0.45512471E+01
  0.16158781E+01 -0.45129746E+01
  0.16259401E+01 -0.44743246E+01
  0.16360020E+01 -0.44353039E+01
  0.16460640E+01 -0.43959156E+01
  0.16561259E+01 -0.43561585E+01
  0.16661879E+01 -0.43160273E+01
  0.16762498E+01 -0.42755120E+01
  0.16863118E+01 -0.42345982E+01
  0.16963737E+01 -0.41932672E+01
  0.17064357E+01 -0.41514958E+01
  0.17164976E+01 -0.41092571E+01
  0.17265596E+01 -0.40665200E+01
  0.17366215E+01 -0.40232505E+01
  0.17466835E+01 -0.39794116E+01
  0.17567454E+01 -0.39349641E+01
  0.17668074E+01 -0.38898672E+01
  0.17768693E+01 -0.38440791E+01
  0.17869313E+01 -0.37975577E+01
  0.17969932E+01 -0.37502618E+01
  0.18070552E+01 -0.37021510E+01
  0.18171171E+01 -0.36531876E+01
  0.18271791E+01 -0.36033363E+01
  0.18372410E+01 -0.35525655E+01
  0.18473030E+01 -0.35008480E+01
  0.18573649E+01 -0.34481616E+01
  0.18674269E+01 -0.33944894E+01
  0.18774888E+01 -0.33398205E+01
  0.18875508E+01 -0.32841507E+01
  0.18976127E+01 -0.32274820E+01
  0.19076747E+01 -0.31698236E+01
  0.19177366E+01 -0.31111918E+01
  0.19277986E+01 -0.30516094E+01
  0.19378605E+01 -0.29911063E+01
  0.19479225E+01 -0.29297189E+01
  0.19579844E+01 -0.28674897E+01
  0.19680464E+01 -0.28044670E+01
  0.19781083E+01 -0.27407042E+01
  0.19881703E+01 -0.26762592E+01
  0.19982322E+01 -0.26111939E+01
  0.20082942E+01 -0.25455732E+01
  0.20183561E+01 -0.24794644E+01
  0.20284181E+01 -0.24129367E+01
  0.20384801E+01 -0.23460600E+01
  0.20485420E+01 -0.22789047E+01
  0.20586040E+01 -0.22115416E+01
  0.20686659E+01 -0.21440413E+01
  0.20787279E+01 -0.20764757E+01
  0.20887898E+01 -0.20089200E+01
  0.20988518E+01 -0.19414577E+01
  0.21089137E+01 -0.18741934E+01
  0.21189757E+01 -0.18072837E+01
  0.21290376E+01 -0.17410286E+01
  0.21390996E+01 -0.16762097E+01
  0.21491615E+01 -0.16159492E+01
  0.21592235E+01 -0.15813930E+01
  
  0.00000000E+00 -0.81633585E+00
  0.10020991E-01 -0.81376155E+00
  0.20041982E-01 -0.80606393E+00
  0.30062973E-01 -0.79331773E+00
  0.40083964E-01 -0.77564388E+00
  0.50104955E-01 -0.75320443E+00
  0.60125946E-01 -0.72619631E+00
  0.70146937E-01 -0.69484416E+00
  0.80167928E-01 -0.65939319E+00
  0.90188919E-01 -0.62010217E+00
  0.10020991E+00 -0.57723712E+00
  0.11023090E+00 -0.53106579E+00
  0.12025189E+00 -0.48185308E+00
  0.13027288E+00 -0.42985730E+00
  0.14029387E+00 -0.37532736E+00
  0.15031486E+00 -0.31850055E+00
  0.16033586E+00 -0.25960102E+00
  0.17035685E+00 -0.19883874E+00
  0.18037784E+00 -0.13640873E+00
  0.19039883E+00 -0.72490737E-01
  0.20041982E+00 -0.72490093E-02
  0.21044081E+00  0.59167708E-01
  0.22046180E+00  0.12662605E+00
  0.23048279E+00  0.19500780E+00
  0.24050378E+00  0.26420957E+00
  0.25052477E+00  0.33414241E+00
  0.26054577E+00  0.40473130E+00
  0.27056676E+00  0.47591462E+00
  0.28058775E+00  0.54764350E+00
  0.29060874E+00  0.61988115E+00
  0.30062973E+00  0.69260205E+00
  0.31065072E+00  0.76579117E+00
  0.32067171E+00  0.83944305E+00
  0.33069270E+00  0.91356093E+00
  0.34071369E+00  0.98815573E+00
  0.35073468E+00  0.10632451E+01
  0.36075567E+00  0.11388525E+01
  0.37077667E+00  0.12150059E+01
  0.38079766E+00  0.12917372E+01
  0.39081865E+00  0.13690811E+01
  0.40083964E+00  0.14470739E+01
  0.41086063E+00  0.15257529E+01
  0.42088162E+00  0.16051554E+01
  0.43090261E+00  0.16853180E+01
  0.44092360E+00  0.17662755E+01
  0.45094459E+00  0.18480606E+01
  0.46096558E+00  0.19307027E+01
  0.47098658E+00  0.20142279E+01
  0.48100757E+00  0.20986579E+01
  0.49102856E+00  0.21840099E+01
  0.50104955E+00  0.22702955E+01
  0.51107054E+00  0.23575211E+01
  0.52109153E+00  0.24456871E+01
  0.53111252E+00  0.25347875E+01
  0.54113351E+00  0.26248099E+01
  0.55115450E+00  0.27157352E+01
  0.56117549E+00  0.28075375E+01
  0.57119649E+00  0.29001841E+01
  0.58121748E+00  0.29936354E+01
  0.59123847E+00  0.30878451E+01
  0.60125946E+00  0.31827603E+01
  0.61128045E+00  0.32783217E+01
  0.62130144E+00  0.33744640E+01
  0.63132243E+00  0.34711160E+01
  0.64134342E+00  0.35682011E+01
  0.65136441E+00  0.36656381E+01
  0.66138540E+00  0.37633407E+01
  0.67140639E+00  0.38612189E+01
  0.68142739E+00  0.39591788E+01
  0.69144838E+00  0.40571230E+01
  0.70146937E+00  0.41549511E+01
  0.71149036E+00  0.42525596E+01
  0.72151135E+00  0.43498418E+01
  0.73153234E+00  0.44466880E+01
  0.74155333E+00  0.45429848E+01
  0.75157432E+00  0.46386146E+01
  0.76159531E+00  0.47334549E+01
  0.77161630E+00  0.48273772E+01
  0.78163730E+00  0.49202458E+01
  0.79165829E+00  0.50119162E+01
  0.80167928E+00  0.51022331E+01
  0.81170027E+00  0.51910292E+01
  0.82172126E+00  0.52781224E+01
  0.83174225E+00  0.53633139E+01
  0.84176324E+00  0.54463858E+01
  0.85178423E+00  0.55270990E+01
  0.86180522E+00  0.56051911E+01
  0.87182621E+00  0.56803745E+01
  0.88184721E+00  0.57523354E+01
  0.89186820E+00  0.58207332E+01
  0.90188919E+00  0.58852014E+01
  0.91191018E+00  0.59453493E+01
  0.92193117E+00  0.60007668E+01
  0.93195216E+00  0.60510304E+01
  0.94197315E+00  0.60957126E+01
  0.95199414E+00  0.61343935E+01
  0.96201513E+00  0.61666758E+01
  0.97203612E+00  0.61922008E+01
  0.98205712E+00  0.62106661E+01
  0.99207811E+00  0.62218419E+01
  0.10020991E+01  0.62256703E+01
  0.10121610E+01  0.62234286E+01
  0.10222230E+01  0.62183266E+01
  0.10322849E+01  0.62103405E+01
  0.10423469E+01  0.61994378E+01
  0.10524089E+01  0.61855793E+01
  0.10624708E+01  0.61687094E+01
  0.10725328E+01  0.61487305E+01
  0.10825947E+01  0.61254826E+01
  0.10926567E+01  0.60987610E+01
  0.11027186E+01  0.60683680E+01
  0.11127806E+01  0.60341595E+01
  0.11228425E+01  0.59960612E+01
  0.11329045E+01  0.59540638E+01
  0.11429664E+01  0.59082142E+01
  0.11530284E+01  0.58586084E+01
  0.11630903E+01  0.58053866E+01
  0.11731523E+01  0.57487279E+01
  0.11832142E+01  0.56888453E+01
  0.11932762E+01  0.56259793E+01
  0.12033381E+01  0.55603918E+01
  0.12134001E+01  0.54923594E+01
  0.12234620E+01  0.54221667E+01
  0.12335240E+01  0.53501005E+01
  0.12435859E+01  0.52764436E+01
  0.12536479E+01  0.52014703E+01
  0.12637098E+01  0.51254412E+01
  0.12737718E+01  0.50486001E+01
  0.12838337E+01  0.49711709E+01
  0.12938957E+01  0.48933551E+01
  0.13039576E+01  0.48153305E+01
  0.13140196E+01  0.47372501E+01
  0.13240815E+01  0.46592420E+01
  0.13341435E+01  0.45814094E+01
  0.13442054E+01  0.45038315E+01
  0.13542674E+01  0.44265646E+01
  0.13643293E+01  0.43496436E+01
  0.13743913E+01  0.42730839E+01
  0.13844532E+01  0.41968835E+01
  0.13945152E+01  0.41210250E+01
  0.14045771E+01  0.40454782E+01
  0.14146391E+01  0.39702022E+01
  0.14247010E+01  0.38951478E+01
  0.14347630E+01  0.38202599E+01
  0.14448249E+01  0.37454795E+01
  0.14548869E+01  0.36707454E+01
  0.14649488E+01  0.35959964E+01
  0.14750108E+01  0.35211728E+01
  0.14850727E+01  0.34462173E+01
  0.14951347E+01  0.33710766E+01
  0.15051966E+01  0.32957022E+01
  0.15152586E+01  0.32200510E+01
  0.15253205E+01  0.31440859E+01
  0.15353825E+01  0.30677762E+01
  0.15454445E+01  0.29910975E+01
  0.15555064E+01  0.29140325E+01
  0.15655684E+01  0.28365703E+01
  0.15756303E+01  0.27587066E+01
  0.15856923E+01  0.26804434E+01
  0.15957542E+01  0.26017891E+01
  0.16058162E+01  0.25227575E+01
  0.16158781E+01  0.24433684E+01
  0.16259401E+01  0.23636462E+01
  0.16360020E+01  0.22836204E+01
  0.16460640E+01  0.22033242E+01
  0.16561259E+01  0.21227951E+01
  0.16661879E+01  0.20420732E+01
  0.16762498E+01  0.19612018E+01
  0.16863118E+01  0.18802260E+01
  0.16963737E+01  0.17991928E+01
  0.17064357E+01  0.17181505E+01
  0.17164976E+01  0.16371477E+01
  0.17265596E+01  0.15562335E+01
  0.17366215E+01  0.14754568E+01
  0.17466835E+01  0.13948658E+01
  0.17567454E+01  0.13145079E+01
  0.17668074E+01  0.12344287E+01
  0.17768693E+01  0.11546727E+01
  0.17869313E+01  0.10752819E+01
  0.17969932E+01  0.99629633E+00
  0.18070552E+01  0.91775335E+00
  0.18171171E+01  0.83968757E+00
  0.18271791E+01  0.76213057E+00
  0.18372410E+01  0.68511067E+00
  0.18473030E+01  0.60865275E+00
  0.18573649E+01  0.53277802E+00
  0.18674269E+01  0.45750385E+00
  0.18774888E+01  0.38284354E+00
  0.18875508E+01  0.30880622E+00
  0.18976127E+01  0.23539665E+00
  0.19076747E+01  0.16261509E+00
  0.19177366E+01  0.90457257E-01
  0.19277986E+01  0.18914197E-01
  0.19378605E+01 -0.52027677E-01
  0.19479225E+01 -0.12238656E+00
  0.19579844E+01 -0.19218515E+00
  0.19680464E+01 -0.26145048E+00
  0.19781083E+01 -0.33021362E+00
  0.19881703E+01 -0.39850940E+00
  0.19982322E+01 -0.46637591E+00
  0.20082942E+01 -0.53385403E+00
  0.20183561E+01 -0.60098676E+00
  0.20284181E+01 -0.66781847E+00
  0.20384801E+01 -0.73439402E+00
  0.20485420E+01 -0.80075773E+00
  0.20586040E+01 -0.86695203E+00
  0.20686659E+01 -0.93301583E+00
  0.20787279E+01 -0.99898204E+00
  0.20887898E+01 -0.10648739E+01
  0.20988518E+01 -0.11306981E+01
  0.21089137E+01 -0.11964314E+01
  0.21189757E+01 -0.12619881E+01
  0.21290376E+01 -0.13271277E+01
  0.21390996E+01 -0.13911154E+01
  0.21491615E+01 -0.14508633E+01
  0.21592235E+01 -0.14852464E+01
  
  0.00000000E+00  0.49803324E+01
  0.10020991E-01  0.49808360E+01
  0.20041982E-01  0.49823431E+01
  0.30062973E-01  0.49848427E+01
  0.40083964E-01  0.49883164E+01
  0.50104955E-01  0.49927387E+01
  0.60125946E-01  0.49980773E+01
  0.70146937E-01  0.50042931E+01
  0.80167928E-01  0.50113404E+01
  0.90188919E-01  0.50191681E+01
  0.10020991E+00  0.50277193E+01
  0.11023090E+00  0.50369323E+01
  0.12025189E+00  0.50467414E+01
  0.13027288E+00  0.50570774E+01
  0.14029387E+00  0.50678689E+01
  0.15031486E+00  0.50767227E+01
  0.16033586E+00  0.50850109E+01
  0.17035685E+00  0.50936307E+01
  0.18037784E+00  0.51025486E+01
  0.19039883E+00  0.51117313E+01
  0.20041982E+00  0.51211467E+01
  0.21044081E+00  0.51307637E+01
  0.22046180E+00  0.51405532E+01
  0.23048279E+00  0.51504878E+01
  0.24050378E+00  0.51605426E+01
  0.25052477E+00  0.51706949E+01
  0.26054577E+00  0.51809246E+01
  0.27056676E+00  0.51912139E+01
  0.28058775E+00  0.52015476E+01
  0.29060874E+00  0.52119131E+01
  0.30062973E+00  0.52222998E+01
  0.31065072E+00  0.52326998E+01
  0.32067171E+00  0.52431075E+01
  0.33069270E+00  0.52535200E+01
  0.34071369E+00  0.52639369E+01
  0.35073468E+00  0.52743607E+01
  0.36075567E+00  0.52847973E+01
  0.37077667E+00  0.52952557E+01
  0.38079766E+00  0.53057491E+01
  0.39081865E+00  0.53162946E+01
  0.40083964E+00  0.53269137E+01
  0.41086063E+00  0.53376323E+01
  0.42088162E+00  0.53484811E+01
  0.43090261E+00  0.53591436E+01
  0.44092360E+00  0.53679467E+01
  0.45094459E+00  0.53771161E+01
  0.46096558E+00  0.53867243E+01
  0.47098658E+00  0.53968425E+01
  0.48100757E+00  0.54075396E+01
  0.49102856E+00  0.54188810E+01
  0.50104955E+00  0.54309276E+01
  0.51107054E+00  0.54437341E+01
  0.52109153E+00  0.54573485E+01
  0.53111252E+00  0.54718104E+01
  0.54113351E+00  0.54871502E+01
  0.55115450E+00  0.55033884E+01
  0.56117549E+00  0.55205349E+01
  0.57119649E+00  0.55385883E+01
  0.58121748E+00  0.55575358E+01
  0.59123847E+00  0.55773528E+01
  0.60125946E+00  0.55980034E+01
  0.61128045E+00  0.56194406E+01
  0.62130144E+00  0.56416065E+01
  0.63132243E+00  0.56644333E+01
  0.64134342E+00  0.56878439E+01
  0.65136441E+00  0.57117533E+01
  0.66138540E+00  0.57360689E+01
  0.67140639E+00  0.57606925E+01
  0.68142739E+00  0.57855207E+01
  0.69144838E+00  0.58104471E+01
  0.70146937E+00  0.58353626E+01
  0.71149036E+00  0.58601573E+01
  0.72151135E+00  0.58838784E+01
  0.73153234E+00  0.59066822E+01
  0.74155333E+00  0.59291212E+01
  0.75157432E+00  0.59511086E+01
  0.76159531E+00  0.59725608E+01
  0.77161630E+00  0.59933983E+01
  0.78163730E+00  0.60135462E+01
  0.79165829E+00  0.60329354E+01
  0.80167928E+00  0.60515034E+01
  0.81170027E+00  0.60691948E+01
  0.82172126E+00  0.60859622E+01
  0.83174225E+00  0.61017670E+01
  0.84176324E+00  0.61165797E+01
  0.85178423E+00  0.61303803E+01
  0.86180522E+00  0.61431583E+01
  0.87182621E+00  0.61549130E+01
  0.88184721E+00  0.61656526E+01
  0.89186820E+00  0.61753937E+01
  0.90188919E+00  0.61841604E+01
  0.91191018E+00  0.61919829E+01
  0.92193117E+00  0.61988958E+01
  0.93195216E+00  0.62049368E+01
  0.94197315E+00  0.62101444E+01
  0.95199414E+00  0.62145564E+01
  0.96201513E+00  0.62182079E+01
  0.97203612E+00  0.62211292E+01
  0.98205712E+00  0.62233451E+01
  0.99207811E+00  0.62248737E+01
  0.10020991E+01  0.62256725E+01
  0.10121610E+01  0.62241600E+01
  0.10222230E+01  0.62196471E+01
  0.10322849E+01  0.62121901E+01
  0.10423469E+01  0.62018762E+01
  0.10524089E+01  0.61888074E+01
  0.10624708E+01  0.61730887E+01
  0.10725328E+01  0.61548317E+01
  0.10825947E+01  0.61341686E+01
  0.10926567E+01  0.61112609E+01
  0.11027186E+01  0.60862924E+01
  0.11127806E+01  0.60594548E+01
  0.11228425E+01  0.60309356E+01
  0.11329045E+01  0.60009130E+01
  0.11429664E+01  0.59695541E+01
  0.11530284E+01  0.59370140E+01
  0.11630903E+01  0.59034352E+01
  0.11731523E+01  0.58689467E+01
  0.11832142E+01  0.58336645E+01
  0.11932762E+01  0.57976902E+01
  0.12033381E+01  0.57611124E+01
  0.12134001E+01  0.57240059E+01
  0.12234620E+01  0.56864330E+01
  0.12335240E+01  0.56484444E+01
  0.12435859E+01  0.56100798E+01
  0.12536479E+01  0.55713692E+01
  0.12637098E+01  0.55323345E+01
  0.12737718E+01  0.54929909E+01
  0.12838337E+01  0.54533483E+01
  0.12938957E+01  0.54134127E+01
  0.13039576E+01  0.53731885E+01
  0.13140196E+01  0.53326791E+01
  0.13240815E+01  0.52918894E+01
  0.13341435E+01  0.52506807E+01
  0.13442054E+01  0.52083983E+01
  0.13542674E+01  0.51660120E+01
  0.13643293E+01  0.51235668E+01
  0.13743913E+01  0.50811113E+01
  0.13844532E+01  0.50386977E+01
  0.13945152E+01  0.49963814E+01
  0.14045771E+01  0.49542200E+01
  0.14146391E+01  0.49122720E+01
  0.14247010E+01  0.48705917E+01
  0.14347630E+01  0.48292108E+01
  0.14448249E+01  0.47880565E+01
  0.14548869E+01  0.47468990E+01
  0.14649488E+01  0.47058848E+01
  0.14750108E+01  0.46652937E+01
  0.14850727E+01  0.46252798E+01
  0.14951347E+01  0.45859575E+01
  0.15051966E+01  0.45474297E+01
  0.15152586E+01  0.45097933E+01
  0.15253205E+01  0.44731388E+01
  0.15353825E+01  0.44375498E+01
  0.15454445E+01  0.44031015E+01
  0.15555064E+01  0.43698590E+01
  0.15655684E+01  0.43378761E+01
  0.15756303E+01  0.43071942E+01
  0.15856923E+01  0.42778407E+01
  0.15957542E+01  0.42498287E+01
  0.16058162E+01  0.42231559E+01
  0.16158781E+01  0.41978047E+01
  0.16259401E+01  0.41737420E+01
  0.16360020E+01  0.41509194E+01
  0.16460640E+01  0.41292742E+01
  0.16561259E+01  0.41087299E+01
  0.16661879E+01  0.40881328E+01
  0.16762498E+01  0.40655440E+01
  0.16863118E+01  0.40434171E+01
  0.16963737E+01  0.40216837E+01
  0.17064357E+01  0.40002771E+01
  0.17164976E+01  0.39791342E+01
  0.17265596E+01  0.39581962E+01
  0.17366215E+01  0.39374106E+01
  0.17466835E+01  0.39167313E+01
  0.17567454E+01  0.38961203E+01
  0.17668074E+01  0.38755480E+01
  0.17768693E+01  0.38549938E+01
  0.17869313E+01  0.38344465E+01
  0.17969932E+01  0.38139041E+01
  0.18070552E+01  0.37933743E+01
  0.18171171E+01  0.37728736E+01
  0.18271791E+01  0.37524270E+01
  0.18372410E+01  0.37320676E+01
  0.18473030E+01  0.37118354E+01
  0.18573649E+01  0.36917762E+01
  0.18674269E+01  0.36719410E+01
  0.18774888E+01  0.36523846E+01
  0.18875508E+01  0.36331642E+01
  0.18976127E+01  0.36143383E+01
  0.19076747E+01  0.35959655E+01
  0.19177366E+01  0.35781032E+01
  0.19277986E+01  0.35608064E+01
  0.19378605E+01  0.35441268E+01
  0.19479225E+01  0.35281119E+01
  0.19579844E+01  0.35128040E+01
  0.19680464E+01  0.34982398E+01
  0.19781083E+01  0.34844496E+01
  0.19881703E+01  0.34714576E+01
  0.19982322E+01  0.34555481E+01
  0.20082942E+01  0.34354192E+01
  0.20183561E+01  0.34161018E+01
  0.20284181E+01  0.33976924E+01
  0.20384801E+01  0.33802819E+01
  0.20485420E+01  0.33639552E+01
  0.20586040E+01  0.33487903E+01
  0.20686659E+01  0.33348587E+01
  0.20787279E+01  0.33222244E+01
  0.20887898E+01  0.33109448E+01
  0.20988518E+01  0.33010698E+01
  0.21089137E+01  0.32926424E+01
  0.21189757E+01  0.32856987E+01
  0.21290376E+01  0.32802680E+01
  0.21390996E+01  0.32763730E+01
  0.21491615E+01  0.32740295E+01
  0.21592235E+01  0.32732473E+01
  
  0.00000000E+00  0.50109629E+01
  0.10020991E-01  0.50112759E+01
  0.20041982E-01  0.50122140E+01
  0.30062973E-01  0.50137741E+01
  0.40083964E-01  0.50159513E+01
  0.50104955E-01  0.50187380E+01
  0.60125946E-01  0.50221248E+01
  0.70146937E-01  0.50260993E+01
  0.80167928E-01  0.50306470E+01
  0.90188919E-01  0.50357501E+01
  0.10020991E+00  0.50413886E+01
  0.11023090E+00  0.50475394E+01
  0.12025189E+00  0.50541770E+01
  0.13027288E+00  0.50612736E+01
  0.14029387E+00  0.50687994E+01
  0.15031486E+00  0.50790427E+01
  0.16033586E+00  0.50905249E+01
  0.17035685E+00  0.51022422E+01
  0.18037784E+00  0.51141226E+01
  0.19039883E+00  0.51260964E+01
  0.20041982E+00  0.51380973E+01
  0.21044081E+00  0.51500629E+01
  0.22046180E+00  0.51619361E+01
  0.23048279E+00  0.51736652E+01
  0.24050378E+00  0.51852045E+01
  0.25052477E+00  0.51965154E+01
  0.26054577E+00  0.52075658E+01
  0.27056676E+00  0.52183312E+01
  0.28058775E+00  0.52287942E+01
  0.29060874E+00  0.52389450E+01
  0.30062973E+00  0.52487811E+01
  0.31065072E+00  0.52583071E+01
  0.32067171E+00  0.52675349E+01
  0.33069270E+00  0.52764834E+01
  0.34071369E+00  0.52851779E+01
  0.35073468E+00  0.52936505E+01
  0.36075567E+00  0.53019393E+01
  0.37077667E+00  0.53100883E+01
  0.38079766E+00  0.53181468E+01
  0.39081865E+00  0.53261696E+01
  0.40083964E+00  0.53342158E+01
  0.41086063E+00  0.53423486E+01
  0.42088162E+00  0.53506347E+01
  0.43090261E+00  0.53594951E+01
  0.44092360E+00  0.53707138E+01
  0.45094459E+00  0.53821802E+01
  0.46096558E+00  0.53939406E+01
  0.47098658E+00  0.54060434E+01
  0.48100757E+00  0.54185385E+01
  0.49102856E+00  0.54314759E+01
  0.50104955E+00  0.54449044E+01
  0.51107054E+00  0.54588706E+01
  0.52109153E+00  0.54734172E+01
  0.53111252E+00  0.54885818E+01
  0.54113351E+00  0.55043958E+01
  0.55115450E+00  0.55208833E+01
  0.56117549E+00  0.55380600E+01
  0.57119649E+00  0.55559327E+01
  0.58121748E+00  0.55744983E+01
  0.59123847E+00  0.55937442E+01
  0.60125946E+00  0.56136475E+01
  0.61128045E+00  0.56341756E+01
  0.62130144E+00  0.56552866E+01
  0.63132243E+00  0.56769294E+01
  0.64134342E+00  0.56990449E+01
  0.65136441E+00  0.57215663E+01
  0.66138540E+00  0.57444206E+01
  0.67140639E+00  0.57675292E+01
  0.68142739E+00  0.57908089E+01
  0.69144838E+00  0.58141733E+01
  0.70146937E+00  0.58375333E+01
  0.71149036E+00  0.58607986E+01
  0.72151135E+00  0.58847217E+01
  0.73153234E+00  0.59089478E+01
  0.74155333E+00  0.59327302E+01
  0.75157432E+00  0.59559677E+01
  0.76159531E+00  0.59785640E+01
  0.77161630E+00  0.60004288E+01
  0.78163730E+00  0.60214790E+01
  0.79165829E+00  0.60416394E+01
  0.80167928E+00  0.60608435E+01
  0.81170027E+00  0.60790344E+01
  0.82172126E+00  0.60961652E+01
  0.83174225E+00  0.61121993E+01
  0.84176324E+00  0.61271110E+01
  0.85178423E+00  0.61408853E+01
  0.86180522E+00  0.61535180E+01
  0.87182621E+00  0.61650148E+01
  0.88184721E+00  0.61753912E+01
  0.89186820E+00  0.61846715E+01
  0.90188919E+00  0.61928872E+01
  0.91191018E+00  0.62000764E+01
  0.92193117E+00  0.62062814E+01
  0.93195216E+00  0.62115478E+01
  0.94197315E+00  0.62159219E+01
  0.95199414E+00  0.62194495E+01
  0.96201513E+00  0.62221734E+01
  0.97203612E+00  0.62241325E+01
  0.98205712E+00  0.62253593E+01
  0.99207811E+00  0.62258785E+01
  0.10020991E+01  0.62256725E+01
  0.10121610E+01  0.62250736E+01
  0.10222230E+01  0.62216388E+01
  0.10322849E+01  0.62153650E+01
  0.10423469E+01  0.62062474E+01
  0.10524089E+01  0.61942946E+01
  0.10624708E+01  0.61795522E+01
  0.10725328E+01  0.61621272E+01
  0.10825947E+01  0.61421963E+01
  0.10926567E+01  0.61199826E+01
  0.11027186E+01  0.60957126E+01
  0.11127806E+01  0.60695860E+01
  0.11228425E+01  0.60417717E+01
  0.11329045E+01  0.60124169E+01
  0.11429664E+01  0.59816560E+01
  0.11530284E+01  0.59496147E+01
  0.11630903E+01  0.59164109E+01
  0.11731523E+01  0.58821551E+01
  0.11832142E+01  0.58469495E+01
  0.11932762E+01  0.58108875E+01
  0.12033381E+01  0.57740539E+01
  0.12134001E+01  0.57365249E+01
  0.12234620E+01  0.56983682E+01
  0.12335240E+01  0.56596438E+01
  0.12435859E+01  0.56204049E+01
  0.12536479E+01  0.55806983E+01
  0.12637098E+01  0.55405660E+01
  0.12737718E+01  0.55000461E+01
  0.12838337E+01  0.54591736E+01
  0.12938957E+01  0.54179816E+01
  0.13039576E+01  0.53765029E+01
  0.13140196E+01  0.53347702E+01
  0.13240815E+01  0.52928175E+01
  0.13341435E+01  0.52508267E+01
  0.13442054E+01  0.52095021E+01
  0.13542674E+01  0.51679317E+01
  0.13643293E+01  0.51261382E+01
  0.13743913E+01  0.50841508E+01
  0.13844532E+01  0.50420070E+01
  0.13945152E+01  0.49997524E+01
  0.14045771E+01  0.49574420E+01
  0.14146391E+01  0.49151410E+01
  0.14247010E+01  0.48729291E+01
  0.14347630E+01  0.48309176E+01
  0.14448249E+01  0.47893298E+01
  0.14548869E+01  0.47485521E+01
  0.14649488E+01  0.47085979E+01
  0.14750108E+01  0.46693492E+01
  0.14850727E+01  0.46308128E+01
  0.14951347E+01  0.45930315E+01
  0.15051966E+01  0.45560536E+01
  0.15152586E+01  0.45199248E+01
  0.15253205E+01  0.44846859E+01
  0.15353825E+01  0.44503705E+01
  0.15454445E+01  0.44170047E+01
  0.15555064E+01  0.43846063E+01
  0.15655684E+01  0.43531839E+01
  0.15756303E+01  0.43227369E+01
  0.15856923E+01  0.42932555E+01
  0.15957542E+01  0.42647204E+01
  0.16058162E+01  0.42371036E+01
  0.16158781E+01  0.42103683E+01
  0.16259401E+01  0.41844701E+01
  0.16360020E+01  0.41593573E+01
  0.16460640E+01  0.41349723E+01
  0.16561259E+01  0.41112529E+01
  0.16661879E+01  0.40891977E+01
  0.16762498E+01  0.40705777E+01
  0.16863118E+01  0.40527610E+01
  0.16963737E+01  0.40356313E+01
  0.17064357E+01  0.40190670E+01
  0.17164976E+01  0.40029436E+01
  0.17265596E+01  0.39871352E+01
  0.17366215E+01  0.39715175E+01
  0.17466835E+01  0.39559694E+01
  0.17567454E+01  0.39403751E+01
  0.17668074E+01  0.39246262E+01
  0.17768693E+01  0.39086235E+01
  0.17869313E+01  0.38922782E+01
  0.17969932E+01  0.38755137E+01
  0.18070552E+01  0.38582664E+01
  0.18171171E+01  0.38404868E+01
  0.18271791E+01  0.38221401E+01
  0.18372410E+01  0.38032064E+01
  0.18473030E+01  0.37836809E+01
  0.18573649E+01  0.37635740E+01
  0.18674269E+01  0.37429104E+01
  0.18774888E+01  0.37217289E+01
  0.18875508E+01  0.37000816E+01
  0.18976127E+01  0.36780325E+01
  0.19076747E+01  0.36556566E+01
  0.19177366E+01  0.36330386E+01
  0.19277986E+01  0.36102713E+01
  0.19378605E+01  0.35874543E+01
  0.19479225E+01  0.35646924E+01
  0.19579844E+01  0.35420939E+01
  0.19680464E+01  0.35197695E+01
  0.19781083E+01  0.34978304E+01
  0.19881703E+01  0.34763870E+01
  0.19982322E+01  0.34592810E+01
  0.20082942E+01  0.34479309E+01
  0.20183561E+01  0.34374119E+01
  0.20284181E+01  0.34277229E+01
  0.20384801E+01  0.34188574E+01
  0.20485420E+01  0.34108043E+01
  0.20586040E+01  0.34035487E+01
  0.20686659E+01  0.33970727E+01
  0.20787279E+01  0.33913562E+01
  0.20887898E+01  0.33863781E+01
  0.20988518E+01  0.33821169E+01
  0.21089137E+01  0.33785521E+01
  0.21189757E+01  0.33756646E+01
  0.21290376E+01  0.33734375E+01
  0.21390996E+01  0.33718570E+01
  0.21491615E+01  0.33709130E+01
  0.21592235E+01  0.33705990E+01
  
  0.00000000E+00  0.76017987E+01
  0.10020991E-01  0.76028805E+01
  0.20041982E-01  0.76061137E+01
  0.30062973E-01  0.76114618E+01
  0.40083964E-01  0.76188645E+01
  0.50104955E-01  0.76282390E+01
  0.60125946E-01  0.76394809E+01
  0.70146937E-01  0.76524660E+01
  0.80167928E-01  0.76670521E+01
  0.90188919E-01  0.76830815E+01
  0.10020991E+00  0.77003830E+01
  0.11023090E+00  0.77187749E+01
  0.12025189E+00  0.77380674E+01
  0.13027288E+00  0.77580659E+01
  0.14029387E+00  0.77785734E+01
  0.15031486E+00  0.77993939E+01
  0.16033586E+00  0.78203351E+01
  0.17035685E+00  0.78412111E+01
  0.18037784E+00  0.78618449E+01
  0.19039883E+00  0.78820711E+01
  0.20041982E+00  0.79017380E+01
  0.21044081E+00  0.79207091E+01
  0.22046180E+00  0.79388650E+01
  0.23048279E+00  0.79561041E+01
  0.24050378E+00  0.79723439E+01
  0.25052477E+00  0.79875210E+01
  0.26054577E+00  0.80015918E+01
  0.27056676E+00  0.80145317E+01
  0.28058775E+00  0.80263354E+01
  0.29060874E+00  0.80370162E+01
  0.30062973E+00  0.80466052E+01
  0.31065072E+00  0.80551509E+01
  0.32067171E+00  0.80627179E+01
  0.33069270E+00  0.80693862E+01
  0.34071369E+00  0.80752501E+01
  0.35073468E+00  0.80804170E+01
  0.36075567E+00  0.80850059E+01
  0.37077667E+00  0.80891461E+01
  0.38079766E+00  0.80929755E+01
  0.39081865E+00  0.80966387E+01
  0.40083964E+00  0.81002848E+01
  0.41086063E+00  0.81040658E+01
  0.42088162E+00  0.81081338E+01
  0.43090261E+00  0.81126391E+01
  0.44092360E+00  0.81177277E+01
  0.45094459E+00  0.81235393E+01
  0.46096558E+00  0.81302046E+01
  0.47098658E+00  0.81378438E+01
  0.48100757E+00  0.81465644E+01
  0.49102856E+00  0.81564595E+01
  0.50104955E+00  0.81676064E+01
  0.51107054E+00  0.81800657E+01
  0.52109153E+00  0.81938799E+01
  0.53111252E+00  0.82090728E+01
  0.54113351E+00  0.82256494E+01
  0.55115450E+00  0.82435956E+01
  0.56117549E+00  0.82628784E+01
  0.57119649E+00  0.82834462E+01
  0.58121748E+00  0.83052293E+01
  0.59123847E+00  0.83281413E+01
  0.60125946E+00  0.83520797E+01
  0.61128045E+00  0.83769273E+01
  0.62130144E+00  0.84025540E+01
  0.63132243E+00  0.84288179E+01
  0.64134342E+00  0.84555675E+01
  0.65136441E+00  0.84826435E+01
  0.66138540E+00  0.85098804E+01
  0.67140639E+00  0.85371091E+01
  0.68142739E+00  0.85641584E+01
  0.69144838E+00  0.85908571E+01
  0.70146937E+00  0.86170359E+01
  0.71149036E+00  0.86425292E+01
  0.72151135E+00  0.86671764E+01
  0.73153234E+00  0.86908236E+01
  0.74155333E+00  0.87133247E+01
  0.75157432E+00  0.87345421E+01
  0.76159531E+00  0.87543474E+01
  0.77161630E+00  0.87726221E+01
  0.78163730E+00  0.87892572E+01
  0.79165829E+00  0.88041538E+01
  0.80167928E+00  0.88172229E+01
  0.81170027E+00  0.88283852E+01
  0.82172126E+00  0.88375720E+01
  0.83174225E+00  0.88447262E+01
  0.84176324E+00  0.88498048E+01
  0.85178423E+00  0.88527829E+01
  0.86180522E+00  0.88536612E+01
  0.87182621E+00  0.88524782E+01
  0.88184721E+00  0.88493301E+01
  0.89186820E+00  0.88444016E+01
  0.90188919E+00  0.88379999E+01
  0.91191018E+00  0.88305688E+01
  0.92193117E+00  0.88226453E+01
  0.93195216E+00  0.88147665E+01
  0.94197315E+00  0.88073825E+01
  0.95199414E+00  0.88008238E+01
  0.96201513E+00  0.87953127E+01
  0.97203612E+00  0.87909921E+01
  0.98205712E+00  0.87879558E+01
  0.99207811E+00  0.87862819E+01
  0.10020991E+01  0.87860918E+01
  0.10121610E+01  0.87849994E+01
  0.10222230E+01  0.87825121E+01
  0.10322849E+01  0.87784051E+01
  0.10423469E+01  0.87726752E+01
  0.10524089E+01  0.87653357E+01
  0.10624708E+01  0.87564059E+01
  0.10725328E+01  0.87459105E+01
  0.10825947E+01  0.87338793E+01
  0.10926567E+01  0.87203469E+01
  0.11027186E+01  0.87053531E+01
  0.11127806E+01  0.86889425E+01
  0.11228425E+01  0.86711643E+01
  0.11329045E+01  0.86520721E+01
  0.11429664E+01  0.86317232E+01
  0.11530284E+01  0.86101790E+01
  0.11630903E+01  0.85875035E+01
  0.11731523E+01  0.85637640E+01
  0.11832142E+01  0.85390294E+01
  0.11932762E+01  0.85133708E+01
  0.12033381E+01  0.84868600E+01
  0.12134001E+01  0.84595696E+01
  0.12234620E+01  0.84315721E+01
  0.12335240E+01  0.84029393E+01
  0.12435859E+01  0.83737420E+01
  0.12536479E+01  0.83440488E+01
  0.12637098E+01  0.83139264E+01
  0.12737718E+01  0.82834382E+01
  0.12838337E+01  0.82526447E+01
  0.12938957E+01  0.82216022E+01
  0.13039576E+01  0.81903632E+01
  0.13140196E+01  0.81589757E+01
  0.13240815E+01  0.81274832E+01
  0.13341435E+01  0.80959245E+01
  0.13442054E+01  0.80643340E+01
  0.13542674E+01  0.80327411E+01
  0.13643293E+01  0.80011714E+01
  0.13743913E+01  0.79696460E+01
  0.13844532E+01  0.79381825E+01
  0.13945152E+01  0.79067952E+01
  0.14045771E+01  0.78754956E+01
  0.14146391E+01  0.78442930E+01
  0.14247010E+01  0.78131949E+01
  0.14347630E+01  0.77822080E+01
  0.14448249E+01  0.77513381E+01
  0.14548869E+01  0.77205915E+01
  0.14649488E+01  0.76899750E+01
  0.14750108E+01  0.76594969E+01
  0.14850727E+01  0.76291668E+01
  0.14951347E+01  0.75989972E+01
  0.15051966E+01  0.75690028E+01
  0.15152586E+01  0.75392015E+01
  0.15253205E+01  0.75096149E+01
  0.15353825E+01  0.74802680E+01
  0.15454445E+01  0.74511897E+01
  0.15555064E+01  0.74224132E+01
  0.15655684E+01  0.73939753E+01
  0.15756303E+01  0.73659170E+01
  0.15856923E+01  0.73382828E+01
  0.15957542E+01  0.73111204E+01
  0.16058162E+01  0.72844800E+01
  0.16158781E+01  0.72584139E+01
  0.16259401E+01  0.72329749E+01
  0.16360020E+01  0.72082159E+01
  0.16460640E+01  0.71841886E+01
  0.16561259E+01  0.71609420E+01
  0.16661879E+01  0.71385221E+01
  0.16762498E+01  0.71169697E+01
  0.16863118E+01  0.70963207E+01
  0.16963737E+01  0.70766042E+01
  0.17064357E+01  0.70578424E+01
  0.17164976E+01  0.70400498E+01
  0.17265596E+01  0.70232330E+01
  0.17366215E+01  0.70073901E+01
  0.17466835E+01  0.69925108E+01
  0.17567454E+01  0.69785763E+01
  0.17668074E+01  0.69655593E+01
  0.17768693E+01  0.69534246E+01
  0.17869313E+01  0.69421288E+01
  0.17969932E+01  0.69316213E+01
  0.18070552E+01  0.69218446E+01
  0.18171171E+01  0.69127349E+01
  0.18271791E+01  0.69042230E+01
  0.18372410E+01  0.68962351E+01
  0.18473030E+01  0.68886936E+01
  0.18573649E+01  0.68815185E+01
  0.18674269E+01  0.68746280E+01
  0.18774888E+01  0.68679402E+01
  0.18875508E+01  0.68613740E+01
  0.18976127E+01  0.68548505E+01
  0.19076747E+01  0.68482947E+01
  0.19177366E+01  0.68416362E+01
  0.19277986E+01  0.68348111E+01
  0.19378605E+01  0.68277632E+01
  0.19479225E+01  0.68204451E+01
  0.19579844E+01  0.68128194E+01
  0.19680464E+01  0.68048600E+01
  0.19781083E+01  0.67965525E+01
  0.19881703E+01  0.67878950E+01
  0.19982322E+01  0.67788981E+01
  0.20082942E+01  0.67695850E+01
  0.20183561E+01  0.67599906E+01
  0.20284181E+01  0.67501606E+01
  0.20384801E+01  0.67401496E+01
  0.20485420E+01  0.67300199E+01
  0.20586040E+01  0.67198400E+01
  0.20686659E+01  0.67096854E+01
  0.20787279E+01  0.66996428E+01
  0.20887898E+01  0.66898216E+01
  0.20988518E+01  0.66803728E+01
  0.21089137E+01  0.66715115E+01
  0.21189757E+01  0.66635291E+01
  0.21290376E+01  0.66567787E+01
  0.21390996E+01  0.66516278E+01
  0.21491615E+01  0.66483945E+01
  0.21592235E+01  0.66472918E+01
  
  0.00000000E+00  0.95767068E+01
  0.10020991E-01  0.95767486E+01
  0.20041982E-01  0.95768764E+01
  0.30062973E-01  0.95770976E+01
  0.40083964E-01  0.95774241E+01
  0.50104955E-01  0.95778725E+01
  0.60125946E-01  0.95784632E+01
  0.70146937E-01  0.95792204E+01
  0.80167928E-01  0.95801712E+01
  0.90188919E-01  0.95813449E+01
  0.10020991E+00  0.95827727E+01
  0.11023090E+00  0.95844858E+01
  0.12025189E+00  0.95865154E+01
  0.13027288E+00  0.95888914E+01
  0.14029387E+00  0.95916408E+01
  0.15031486E+00  0.95928639E+01
  0.16033586E+00  0.95937593E+01
  0.17035685E+00  0.95951418E+01
  0.18037784E+00  0.95970514E+01
  0.19039883E+00  0.95995208E+01
  0.20041982E+00  0.96025736E+01
  0.21044081E+00  0.96062243E+01
  0.22046180E+00  0.96104772E+01
  0.23048279E+00  0.96153264E+01
  0.24050378E+00  0.96207555E+01
  0.25052477E+00  0.96267375E+01
  0.26054577E+00  0.96332354E+01
  0.27056676E+00  0.96402023E+01
  0.28058775E+00  0.96475821E+01
  0.29060874E+00  0.96553106E+01
  0.30062973E+00  0.96633154E+01
  0.31065072E+00  0.96715177E+01
  0.32067171E+00  0.96798329E+01
  0.33069270E+00  0.96881715E+01
  0.34071369E+00  0.96964400E+01
  0.35073468E+00  0.97045421E+01
  0.36075567E+00  0.97123793E+01
  0.37077667E+00  0.97198522E+01
  0.38079766E+00  0.97268607E+01
  0.39081865E+00  0.97333056E+01
  0.40083964E+00  0.97390886E+01
  0.41086063E+00  0.97441137E+01
  0.42088162E+00  0.97482874E+01
  0.43090261E+00  0.97512092E+01
  0.44092360E+00  0.97512828E+01
  0.45094459E+00  0.97503556E+01
  0.46096558E+00  0.97483753E+01
  0.47098658E+00  0.97452926E+01
  0.48100757E+00  0.97410615E+01
  0.49102856E+00  0.97356404E+01
  0.50104955E+00  0.97289921E+01
  0.51107054E+00  0.97210850E+01
  0.52109153E+00  0.97118936E+01
  0.53111252E+00  0.97013990E+01
  0.54113351E+00  0.96895900E+01
  0.55115450E+00  0.96764631E+01
  0.56117549E+00  0.96620234E+01
  0.57119649E+00  0.96462845E+01
  0.58121748E+00  0.96292692E+01
  0.59123847E+00  0.96110093E+01
  0.60125946E+00  0.95915455E+01
  0.61128045E+00  0.95709274E+01
  0.62130144E+00  0.95492131E+01
  0.63132243E+00  0.95264688E+01
  0.64134342E+00  0.95027679E+01
  0.65136441E+00  0.94781911E+01
  0.66138540E+00  0.94528251E+01
  0.67140639E+00  0.94267621E+01
  0.68142739E+00  0.94000991E+01
  0.69144838E+00  0.93729370E+01
  0.70146937E+00  0.93453801E+01
  0.71149036E+00  0.93175348E+01
  0.72151135E+00  0.92887485E+01
  0.73153234E+00  0.92593515E+01
  0.74155333E+00  0.92300406E+01
  0.75157432E+00  0.92009355E+01
  0.76159531E+00  0.91721538E+01
  0.77161630E+00  0.91438099E+01
  0.78163730E+00  0.91160146E+01
  0.79165829E+00  0.90888740E+01
  0.80167928E+00  0.90624892E+01
  0.81170027E+00  0.90369553E+01
  0.82172126E+00  0.90123612E+01
  0.83174225E+00  0.89887887E+01
  0.84176324E+00  0.89663123E+01
  0.85178423E+00  0.89449986E+01
  0.86180522E+00  0.89249061E+01
  0.87182621E+00  0.89060851E+01
  0.88184721E+00  0.88885771E+01
  0.89186820E+00  0.88724151E+01
  0.90188919E+00  0.88576228E+01
  0.91191018E+00  0.88442150E+01
  0.92193117E+00  0.88321975E+01
  0.93195216E+00  0.88215691E+01
  0.94197315E+00  0.88123248E+01
  0.95199414E+00  0.88044599E+01
  0.96201513E+00  0.87979733E+01
  0.97203612E+00  0.87928690E+01
  0.98205712E+00  0.87891587E+01
  0.99207811E+00  0.87868744E+01
  0.10020991E+01  0.87860918E+01
  0.10121610E+01  0.87877426E+01
  0.10222230E+01  0.87925855E+01
  0.10322849E+01  0.88003235E+01
  0.10423469E+01  0.88111056E+01
  0.10524089E+01  0.88248937E+01
  0.10624708E+01  0.88416382E+01
  0.10725328E+01  0.88612824E+01
  0.10825947E+01  0.88837651E+01
  0.10926567E+01  0.89090223E+01
  0.11027186E+01  0.89369894E+01
  0.11127806E+01  0.89676025E+01
  0.11228425E+01  0.90007997E+01
  0.11329045E+01  0.90365219E+01
  0.11429664E+01  0.90747130E+01
  0.11530284E+01  0.91153199E+01
  0.11630903E+01  0.91582927E+01
  0.11731523E+01  0.92035835E+01
  0.11832142E+01  0.92511457E+01
  0.11932762E+01  0.93009335E+01
  0.12033381E+01  0.93529003E+01
  0.12134001E+01  0.94069981E+01
  0.12234620E+01  0.94631757E+01
  0.12335240E+01  0.95213783E+01
  0.12435859E+01  0.95815463E+01
  0.12536479E+01  0.96436143E+01
  0.12637098E+01  0.97075103E+01
  0.12737718E+01  0.97731555E+01
  0.12838337E+01  0.98404637E+01
  0.12938957E+01  0.99093411E+01
  0.13039576E+01  0.99796867E+01
  0.13140196E+01  0.10051392E+02
  0.13240815E+01  0.10124341E+02
  0.13341435E+01  0.10198157E+02
  0.13442054E+01  0.10271417E+02
  0.13542674E+01  0.10345524E+02
  0.13643293E+01  0.10420340E+02
  0.13743913E+01  0.10495437E+02
  0.13844532E+01  0.10494697E+02
  0.13945152E+01  0.10446017E+02
  0.14045771E+01  0.10390915E+02
  0.14146391E+01  0.10330201E+02
  0.14247010E+01  0.10264507E+02
  0.14347630E+01  0.10194486E+02
  0.14448249E+01  0.10120829E+02
  0.14548869E+01  0.10044259E+02
  0.14649488E+01  0.99655184E+01
  0.14750108E+01  0.98853582E+01
  0.14850727E+01  0.98045277E+01
  0.14951347E+01  0.97237613E+01
  0.15051966E+01  0.96437670E+01
  0.15152586E+01  0.95652150E+01
  0.15253205E+01  0.94887277E+01
  0.15353825E+01  0.94148693E+01
  0.15454445E+01  0.93441376E+01
  0.15555064E+01  0.92769565E+01
  0.15655684E+01  0.92136701E+01
  0.15756303E+01  0.91545378E+01
  0.15856923E+01  0.90997319E+01
  0.15957542E+01  0.90493357E+01
  0.16058162E+01  0.90033443E+01
  0.16158781E+01  0.89616666E+01
  0.16259401E+01  0.89241287E+01
  0.16360020E+01  0.88904794E+01
  0.16460640E+01  0.88603966E+01
  0.16561259E+01  0.88334947E+01
  0.16661879E+01  0.88093340E+01
  0.16762498E+01  0.87874298E+01
  0.16863118E+01  0.87672628E+01
  0.16963737E+01  0.87482895E+01
  0.17064357E+01  0.87299535E+01
  0.17164976E+01  0.87116955E+01
  0.17265596E+01  0.86929646E+01
  0.17366215E+01  0.86732279E+01
  0.17466835E+01  0.86519805E+01
  0.17567454E+01  0.86287543E+01
  0.17668074E+01  0.86031259E+01
  0.17768693E+01  0.85747234E+01
  0.17869313E+01  0.85432329E+01
  0.17969932E+01  0.85084025E+01
  0.18070552E+01  0.84700466E+01
  0.18171171E+01  0.84280472E+01
  0.18271791E+01  0.83823556E+01
  0.18372410E+01  0.83329921E+01
  0.18473030E+01  0.82800440E+01
  0.18573649E+01  0.82236633E+01
  0.18674269E+01  0.81640632E+01
  0.18774888E+01  0.81015132E+01
  0.18875508E+01  0.80363336E+01
  0.18976127E+01  0.79688893E+01
  0.19076747E+01  0.78995835E+01
  0.19177366E+01  0.78288499E+01
  0.19277986E+01  0.77571456E+01
  0.19378605E+01  0.76849434E+01
  0.19479225E+01  0.76127244E+01
  0.19579844E+01  0.75409708E+01
  0.19680464E+01  0.74701588E+01
  0.19781083E+01  0.74007522E+01
  0.19881703E+01  0.73331968E+01
  0.19982322E+01  0.72679154E+01
  0.20082942E+01  0.72053037E+01
  0.20183561E+01  0.71457273E+01
  0.20284181E+01  0.70895199E+01
  0.20384801E+01  0.70369823E+01
  0.20485420E+01  0.69883820E+01
  0.20586040E+01  0.69439535E+01
  0.20686659E+01  0.69038962E+01
  0.20787279E+01  0.68683702E+01
  0.20887898E+01  0.68374845E+01
  0.20988518E+01  0.68112788E+01
  0.21089137E+01  0.67897012E+01
  0.21189757E+01  0.67725965E+01
  0.21290376E+01  0.67597219E+01
  0.21390996E+01  0.67507949E+01
  0.21491615E+01  0.67455576E+01
  0.21592235E+01  0.67438327E+01
  
  0.00000000E+00  0.96011960E+01
  0.10020991E-01  0.96010898E+01
  0.20041982E-01  0.96007755E+01
  0.30062973E-01  0.96002658E+01
  0.40083964E-01  0.95995816E+01
  0.50104955E-01  0.95987517E+01
  0.60125946E-01  0.95978122E+01
  0.70146937E-01  0.95968056E+01
  0.80167928E-01  0.95957804E+01
  0.90188919E-01  0.95947898E+01
  0.10020991E+00  0.95938906E+01
  0.11023090E+00  0.95931424E+01
  0.12025189E+00  0.95926058E+01
  0.13027288E+00  0.95923415E+01
  0.14029387E+00  0.95924088E+01
  0.15031486E+00  0.95947874E+01
  0.16033586E+00  0.95983503E+01
  0.17035685E+00  0.96023430E+01
  0.18037784E+00  0.96067729E+01
  0.19039883E+00  0.96116401E+01
  0.20041982E+00  0.96169370E+01
  0.21044081E+00  0.96226485E+01
  0.22046180E+00  0.96287512E+01
  0.23048279E+00  0.96352141E+01
  0.24050378E+00  0.96419987E+01
  0.25052477E+00  0.96490596E+01
  0.26054577E+00  0.96563450E+01
  0.27056676E+00  0.96637982E+01
  0.28058775E+00  0.96713578E+01
  0.29060874E+00  0.96789587E+01
  0.30062973E+00  0.96865336E+01
  0.31065072E+00  0.96940131E+01
  0.32067171E+00  0.97013271E+01
  0.33069270E+00  0.97084051E+01
  0.34071369E+00  0.97151766E+01
  0.35073468E+00  0.97215720E+01
  0.36075567E+00  0.97275225E+01
  0.37077667E+00  0.97329605E+01
  0.38079766E+00  0.97378196E+01
  0.39081865E+00  0.97420350E+01
  0.40083964E+00  0.97455429E+01
  0.41086063E+00  0.97482814E+01
  0.42088162E+00  0.97501897E+01
  0.43090261E+00  0.97515197E+01
  0.44092360E+00  0.97537247E+01
  0.45094459E+00  0.97548214E+01
  0.46096558E+00  0.97547342E+01
  0.47098658E+00  0.97533936E+01
  0.48100757E+00  0.97507372E+01
  0.49102856E+00  0.97467096E+01
  0.50104955E+00  0.97412639E+01
  0.51107054E+00  0.97343617E+01
  0.52109153E+00  0.97259737E+01
  0.53111252E+00  0.97160802E+01
  0.54113351E+00  0.97046717E+01
  0.55115450E+00  0.96917487E+01
  0.56117549E+00  0.96773226E+01
  0.57119649E+00  0.96614149E+01
  0.58121748E+00  0.96440580E+01
  0.59123847E+00  0.96252944E+01
  0.60125946E+00  0.96051770E+01
  0.61128045E+00  0.95837681E+01
  0.62130144E+00  0.95611395E+01
  0.63132243E+00  0.95373716E+01
  0.64134342E+00  0.95125526E+01
  0.65136441E+00  0.94867781E+01
  0.66138540E+00  0.94601500E+01
  0.67140639E+00  0.94327758E+01
  0.68142739E+00  0.94047675E+01
  0.69144838E+00  0.93762410E+01
  0.70146937E+00  0.93473151E+01
  0.71149036E+00  0.93181104E+01
  0.72151135E+00  0.92895095E+01
  0.73153234E+00  0.92614137E+01
  0.74155333E+00  0.92333569E+01
  0.75157432E+00  0.92054487E+01
  0.76159531E+00  0.91777975E+01
  0.77161630E+00  0.91505102E+01
  0.78163730E+00  0.91236917E+01
  0.79165829E+00  0.90974446E+01
  0.80167928E+00  0.90718681E+01
  0.81170027E+00  0.90470584E+01
  0.82172126E+00  0.90231083E+01
  0.83174225E+00  0.90001067E+01
  0.84176324E+00  0.89781387E+01
  0.85178423E+00  0.89572853E+01
  0.86180522E+00  0.89376208E+01
  0.87182621E+00  0.89192089E+01
  0.88184721E+00  0.89020911E+01
  0.89186820E+00  0.88862666E+01
  0.90188919E+00  0.88716670E+01
  0.91191018E+00  0.88581499E+01
  0.92193117E+00  0.88455433E+01
  0.93195216E+00  0.88337337E+01
  0.94197315E+00  0.88227371E+01
  0.95199414E+00  0.88127091E+01
  0.96201513E+00  0.88039050E+01
  0.97203612E+00  0.87966215E+01
  0.98205712E+00  0.87911348E+01
  0.99207811E+00  0.87876292E+01
  0.10020991E+01  0.87860927E+01
  0.10121610E+01  0.87879151E+01
  0.10222230E+01  0.87926876E+01
  0.10322849E+01  0.88008902E+01
  0.10423469E+01  0.88123100E+01
  0.10524089E+01  0.88268836E+01
  0.10624708E+01  0.88445364E+01
  0.10725328E+01  0.88651846E+01
  0.10825947E+01  0.88887381E+01
  0.10926567E+01  0.89151041E+01
  0.11027186E+01  0.89441896E+01
  0.11127806E+01  0.89759033E+01
  0.11228425E+01  0.90101579E+01
  0.11329045E+01  0.90468705E+01
  0.11429664E+01  0.90859635E+01
  0.11530284E+01  0.91273647E+01
  0.11630903E+01  0.91710068E+01
  0.11731523E+01  0.92168267E+01
  0.11832142E+01  0.92647652E+01
  0.11932762E+01  0.93147658E+01
  0.12033381E+01  0.93667737E+01
  0.12134001E+01  0.94207350E+01
  0.12234620E+01  0.94765954E+01
  0.12335240E+01  0.95342997E+01
  0.12435859E+01  0.95937903E+01
  0.12536479E+01  0.96550069E+01
  0.12637098E+01  0.97178853E+01
  0.12737718E+01  0.97823571E+01
  0.12838337E+01  0.98483488E+01
  0.12938957E+01  0.99157820E+01
  0.13039576E+01  0.99845722E+01
  0.13140196E+01  0.10054630E+02
  0.13240815E+01  0.10125858E+02
  0.13341435E+01  0.10198412E+02
  0.13442054E+01  0.10273476E+02
  0.13542674E+01  0.10349390E+02
  0.13643293E+01  0.10425971E+02
  0.13743913E+01  0.10502393E+02
  0.13844532E+01  0.10572222E+02
  0.13945152E+01  0.10648469E+02
  0.14045771E+01  0.10725094E+02
  0.14146391E+01  0.10801891E+02
  0.14247010E+01  0.10878734E+02
  0.14347630E+01  0.10955508E+02
  0.14448249E+01  0.11032109E+02
  0.14548869E+01  0.11108441E+02
  0.14649488E+01  0.11184418E+02
  0.14750108E+01  0.11259965E+02
  0.14850727E+01  0.11335018E+02
  0.14951347E+01  0.11409529E+02
  0.15051966E+01  0.11483463E+02
  0.15152586E+01  0.11556801E+02
  0.15253205E+01  0.11629541E+02
  0.15353825E+01  0.11701697E+02
  0.15454445E+01  0.11773299E+02
  0.15555064E+01  0.11844395E+02
  0.15655684E+01  0.11915051E+02
  0.15756303E+01  0.11985345E+02
  0.15856923E+01  0.12055374E+02
  0.15957542E+01  0.12125246E+02
  0.16058162E+01  0.12195085E+02
  0.16158781E+01  0.12265023E+02
  0.16259401E+01  0.12335202E+02
  0.16360020E+01  0.12405773E+02
  0.16460640E+01  0.12476890E+02
  0.16561259E+01  0.12548711E+02
  0.16661879E+01  0.12621392E+02
  0.16762498E+01  0.12695087E+02
  0.16863118E+01  0.12769945E+02
  0.16963737E+01  0.12846108E+02
  0.17064357E+01  0.12923704E+02
  0.17164976E+01  0.13002850E+02
  0.17265596E+01  0.13083647E+02
  0.17366215E+01  0.13166177E+02
  0.17466835E+01  0.13250504E+02
  0.17567454E+01  0.13336669E+02
  0.17668074E+01  0.13424690E+02
  0.17768693E+01  0.13514562E+02
  0.17869313E+01  0.13606254E+02
  0.17969932E+01  0.13699710E+02
  0.18070552E+01  0.13794847E+02
  0.18171171E+01  0.13891557E+02
  0.18271791E+01  0.13989707E+02
  0.18372410E+01  0.14089140E+02
  0.18473030E+01  0.14189674E+02
  0.18573649E+01  0.14291103E+02
  0.18674269E+01  0.14393204E+02
  0.18774888E+01  0.14495729E+02
  0.18875508E+01  0.14598418E+02
  0.18976127E+01  0.14700992E+02
  0.19076747E+01  0.14803159E+02
  0.19177366E+01  0.14904616E+02
  0.19277986E+01  0.15005053E+02
  0.19378605E+01  0.15104150E+02
  0.19479225E+01  0.15201588E+02
  0.19579844E+01  0.15297042E+02
  0.19680464E+01  0.15390191E+02
  0.19781083E+01  0.15480716E+02
  0.19881703E+01  0.15568298E+02
  0.19982322E+01  0.15652572E+02
  0.20082942E+01  0.15726881E+02
  0.20183561E+01  0.15792772E+02
  0.20284181E+01  0.15854764E+02
  0.20384801E+01  0.15912737E+02
  0.20485420E+01  0.15966556E+02
  0.20586040E+01  0.16016094E+02
  0.20686659E+01  0.16061238E+02
  0.20787279E+01  0.16101887E+02
  0.20887898E+01  0.16137953E+02
  0.20988518E+01  0.16169359E+02
  0.21089137E+01  0.16196040E+02
  0.21189757E+01  0.16217942E+02
  0.21290376E+01  0.16235021E+02
  0.21390996E+01  0.16247243E+02
  0.21491615E+01  0.16254586E+02
  0.21592235E+01  0.16257036E+02
  
  0.00000000E+00  0.14541760E+02
  0.10020991E-01  0.14539080E+02
  0.20041982E-01  0.14531082E+02
  0.30062973E-01  0.14517887E+02
  0.40083964E-01  0.14499698E+02
  0.50104955E-01  0.14476791E+02
  0.60125946E-01  0.14449514E+02
  0.70146937E-01  0.14418278E+02
  0.80167928E-01  0.14383552E+02
  0.90188919E-01  0.14345851E+02
  0.10020991E+00  0.14305731E+02
  0.11023090E+00  0.14263775E+02
  0.12025189E+00  0.14220583E+02
  0.13027288E+00  0.14176765E+02
  0.14029387E+00  0.14132922E+02
  0.15031486E+00  0.14089645E+02
  0.16033586E+00  0.14047495E+02
  0.17035685E+00  0.14006997E+02
  0.18037784E+00  0.13968633E+02
  0.19039883E+00  0.13932829E+02
  0.20041982E+00  0.13899947E+02
  0.21044081E+00  0.13870284E+02
  0.22046180E+00  0.13844062E+02
  0.23048279E+00  0.13821426E+02
  0.24050378E+00  0.13802442E+02
  0.25052477E+00  0.13787096E+02
  0.26054577E+00  0.13775296E+02
  0.27056676E+00  0.13766870E+02
  0.28058775E+00  0.13761574E+02
  0.29060874E+00  0.13759095E+02
  0.30062973E+00  0.13759053E+02
  0.31065072E+00  0.13761014E+02
  0.32067171E+00  0.13764492E+02
  0.33069270E+00  0.13768960E+02
  0.34071369E+00  0.13773855E+02
  0.35073468E+00  0.13778591E+02
  0.36075567E+00  0.13782566E+02
  0.37077667E+00  0.13785171E+02
  0.38079766E+00  0.13785797E+02
  0.39081865E+00  0.13783851E+02
  0.40083964E+00  0.13778758E+02
  0.41086063E+00  0.13769970E+02
  0.42088162E+00  0.13756977E+02
  0.43090261E+00  0.13739312E+02
  0.44092360E+00  0.13716560E+02
  0.45094459E+00  0.13688359E+02
  0.46096558E+00  0.13654408E+02
  0.47098658E+00  0.13614470E+02
  0.48100757E+00  0.13568376E+02
  0.49102856E+00  0.13516025E+02
  0.50104955E+00  0.13457385E+02
  0.51107054E+00  0.13392491E+02
  0.52109153E+00  0.13321448E+02
  0.53111252E+00  0.13244424E+02
  0.54113351E+00  0.13161649E+02
  0.55115450E+00  0.13073410E+02
  0.56117549E+00  0.12980045E+02
  0.57119649E+00  0.12881939E+02
  0.58121748E+00  0.12779517E+02
  0.59123847E+00  0.12673238E+02
  0.60125946E+00  0.12563585E+02
  0.61128045E+00  0.12451064E+02
  0.62130144E+00  0.12336190E+02
  0.63132243E+00  0.12219485E+02
  0.64134342E+00  0.12101470E+02
  0.65136441E+00  0.11982656E+02
  0.66138540E+00  0.11863543E+02
  0.67140639E+00  0.11744612E+02
  0.68142739E+00  0.11626319E+02
  0.69144838E+00  0.11509095E+02
  0.70146937E+00  0.11393341E+02
  0.71149036E+00  0.11279424E+02
  0.72151135E+00  0.11167681E+02
  0.73153234E+00  0.11058413E+02
  0.74155333E+00  0.10951892E+02
  0.75157432E+00  0.10848354E+02
  0.76159531E+00  0.10748011E+02
  0.77161630E+00  0.10651046E+02
  0.78163730E+00  0.10557618E+02
  0.79165829E+00  0.10467871E+02
  0.80167928E+00  0.10381930E+02
  0.81170027E+00  0.10299912E+02
  0.82172126E+00  0.10221925E+02
  0.83174225E+00  0.10148071E+02
  0.84176324E+00  0.10078452E+02
  0.85178423E+00  0.10013162E+02
  0.86180522E+00  0.99522956E+01
  0.87182621E+00  0.98959344E+01
  0.88184721E+00  0.98441470E+01
  0.89186820E+00  0.97969792E+01
  0.90188919E+00  0.97544468E+01
  0.91191018E+00  0.97165293E+01
  0.92193117E+00  0.96831665E+01
  0.93195216E+00  0.96542589E+01
  0.94197315E+00  0.96296741E+01
  0.95199414E+00  0.96092567E+01
  0.96201513E+00  0.95928419E+01
  0.97203612E+00  0.95802702E+01
  0.98205712E+00  0.95714014E+01
  0.99207811E+00  0.95661263E+01
  0.10020991E+01  0.95643758E+01
  0.10121610E+01  0.95661428E+01
  0.10222230E+01  0.95714555E+01
  0.10322849E+01  0.95803474E+01
  0.10423469E+01  0.95928697E+01
  0.10524089E+01  0.96090832E+01
  0.10624708E+01  0.96290494E+01
  0.10725328E+01  0.96528191E+01
  0.10825947E+01  0.96804201E+01
  0.10926567E+01  0.97118451E+01
  0.11027186E+01  0.97470401E+01
  0.11127806E+01  0.97858947E+01
  0.11228425E+01  0.98282334E+01
  0.11329045E+01  0.98738110E+01
  0.11429664E+01  0.99223094E+01
  0.11530284E+01  0.99733380E+01
  0.11630903E+01  0.10026437E+02
  0.11731523E+01  0.10081080E+02
  0.11832142E+01  0.10136687E+02
  0.11932762E+01  0.10192626E+02
  0.12033381E+01  0.10248230E+02
  0.12134001E+01  0.10302801E+02
  0.12234620E+01  0.10355630E+02
  0.12335240E+01  0.10406001E+02
  0.12435859E+01  0.10453208E+02
  0.12536479E+01  0.10496565E+02
  0.12637098E+01  0.10535417E+02
  0.12737718E+01  0.10569153E+02
  0.12838337E+01  0.10597213E+02
  0.12938957E+01  0.10619100E+02
  0.13039576E+01  0.10634389E+02
  0.13140196E+01  0.10642730E+02
  0.13240815E+01  0.10643862E+02
  0.13341435E+01  0.10637609E+02
  0.13442054E+01  0.10623894E+02
  0.13542674E+01  0.10602746E+02
  0.13643293E+01  0.10574342E+02
  0.13743913E+01  0.10539882E+02
  0.13844532E+01  0.10581955E+02
  0.13945152E+01  0.10659774E+02
  0.14045771E+01  0.10738068E+02
  0.14146391E+01  0.10816516E+02
  0.14247010E+01  0.10894976E+02
  0.14347630E+01  0.10973335E+02
  0.14448249E+01  0.11051496E+02
  0.14548869E+01  0.11129375E+02
  0.14649488E+01  0.11206900E+02
  0.14750108E+01  0.11284016E+02
  0.14850727E+01  0.11360680E+02
  0.14951347E+01  0.11436867E+02
  0.15051966E+01  0.11512563E+02
  0.15152586E+01  0.11587776E+02
  0.15253205E+01  0.11662526E+02
  0.15353825E+01  0.11736851E+02
  0.15454445E+01  0.11810803E+02
  0.15555064E+01  0.11884449E+02
  0.15655684E+01  0.11957872E+02
  0.15756303E+01  0.12031165E+02
  0.15856923E+01  0.12104435E+02
  0.15957542E+01  0.12177795E+02
  0.16058162E+01  0.12251370E+02
  0.16158781E+01  0.12325286E+02
  0.16259401E+01  0.12399676E+02
  0.16360020E+01  0.12474672E+02
  0.16460640E+01  0.12550404E+02
  0.16561259E+01  0.12626999E+02
  0.16661879E+01  0.12704578E+02
  0.16762498E+01  0.12783253E+02
  0.16863118E+01  0.12863124E+02
  0.16963737E+01  0.12944278E+02
  0.17064357E+01  0.13026788E+02
  0.17164976E+01  0.13110710E+02
  0.17265596E+01  0.13196081E+02
  0.17366215E+01  0.13282917E+02
  0.17466835E+01  0.13371216E+02
  0.17567454E+01  0.13460952E+02
  0.17668074E+01  0.13552079E+02
  0.17768693E+01  0.13644527E+02
  0.17869313E+01  0.13738205E+02
  0.17969932E+01  0.13833001E+02
  0.18070552E+01  0.13928781E+02
  0.18171171E+01  0.14025393E+02
  0.18271791E+01  0.14122665E+02
  0.18372410E+01  0.14220409E+02
  0.18473030E+01  0.14318420E+02
  0.18573649E+01  0.14416481E+02
  0.18674269E+01  0.14514364E+02
  0.18774888E+01  0.14611827E+02
  0.18875508E+01  0.14708626E+02
  0.18976127E+01  0.14804508E+02
  0.19076747E+01  0.14899217E+02
  0.19177366E+01  0.14992496E+02
  0.19277986E+01  0.15084088E+02
  0.19378605E+01  0.15173741E+02
  0.19479225E+01  0.15261204E+02
  0.19579844E+01  0.15346236E+02
  0.19680464E+01  0.15428600E+02
  0.19781083E+01  0.15508071E+02
  0.19881703E+01  0.15584440E+02
  0.19982322E+01  0.15657560E+02
  0.20082942E+01  0.15733603E+02
  0.20183561E+01  0.15810556E+02
  0.20284181E+01  0.15883465E+02
  0.20384801E+01  0.15952038E+02
  0.20485420E+01  0.16016032E+02
  0.20586040E+01  0.16075222E+02
  0.20686659E+01  0.16129403E+02
  0.20787279E+01  0.16178388E+02
  0.20887898E+01  0.16222007E+02
  0.20988518E+01  0.16260113E+02
  0.21089137E+01  0.16292576E+02
  0.21189757E+01  0.16319286E+02
  0.21290376E+01  0.16340153E+02
  0.21390996E+01  0.16355109E+02
  0.21491615E+01  0.16364102E+02
  0.21592235E+01  0.16367103E+02
  
